1423817716,s1-eth1,0.00,0.00,0.00,0,0,0.00,0.00,0.00,0,0,0.00,0.00,0,0
1423817716,s1-eth3,0.00,0.00,0.00,0,0,0.00,0.00,0.00,0,0,0.00,0.00,0,0
1423817716,s1-eth2,0.00,0.00,0.00,0,0,0.00,0.00,0.00,0,0,0.00,0.00,0,0
1423817716,s2-eth1,0.00,0.00,0.00,0,0,0.00,0.00,0.00,0,0,0.00,0.00,0,0
1423817716,s2-eth3,0.00,0.00,0.00,0,0,0.00,0.00,0.00,0,0,0.00,0.00,0,0
1423817716,s2-eth2,0.00,0.00,0.00,0,0,0.00,0.00,0.00,0,0,0.00,0.00,0,0
1423817716,s3-eth1,0.00,0.00,0.00,0,0,0.00,0.00,0.00,0,0,0.00,0.00,0,0
1423817716,s3-eth2,0.00,0.00,0.00,0,0,0.00,0.00,0.00,0,0,0.00,0.00,0,0
1423817716,eth0,0.00,0.00,0.00,0,0,0.00,0.00,0.00,0,0,0.00,0.00,0,0
1423817716,lo,0.00,0.00,0.00,0,0,0.00,0.00,0.00,0,0,0.00,0.00,0,0
1423817716,total,0.00,0.00,0.00,0,0,0.00,0.00,0.00,0,0,0.00,0.00,0,0
1423817717,s1-eth1,1250380.00,28182.00,1278562.00,28182,1250380,830.00,427.00,1257.00,427,830,0.00,0.00,0,0
1423817717,s1-eth3,19032.00,850538.00,869570.00,850538,19032,288.00,565.00,853.00,565,288,0.00,0.00,0,0
1423817717,s1-eth2,9174.00,415800.00,424974.00,415800,9174,139.00,276.00,415.00,276,139,0.00,0.00,0,0
1423817717,s2-eth1,850538.00,19032.00,869570.00,19032,850538,565.00,288.00,853.00,288,565,0.00,0.00,0,0
1423817717,s2-eth3,9660.00,425678.00,435338.00,425678,9660,146.00,283.00,429.00,283,146,0.00,0.00,0,0
1423817717,s2-eth2,9462.00,424860.00,434322.00,424860,9462,143.00,282.00,425.00,282,143,0.00,0.00,0,0
1423817717,s3-eth1,425678.00,9660.00,435338.00,9660,425678,283.00,146.00,429.00,146,283,0.00,0.00,0,0
1423817717,s3-eth2,9660.00,425678.00,435338.00,425678,9660,146.00,283.00,429.00,283,146,0.00,0.00,0,0
1423817717,eth0,0.00,0.00,0.00,0,0,0.00,0.00,0.00,0,0,0.00,0.00,0,0
1423817717,lo,864.00,864.00,1728.00,864,864,9.00,9.00,18.00,9,9,0.00,0.00,0,0
1423817717,total,2584448.00,2600292.00,5184740.00,2600292,2584448,2549.00,2559.00,5108.00,2559,2549,0.00,0.00,0,0
1423817718,s1-eth1,1250356.00,28446.00,1278802.00,28446,1250356,830.00,431.00,1261.00,431,830,0.00,0.00,0,0
1423817718,s1-eth3,19536.00,870916.00,890452.00,870916,19536,296.00,578.00,874.00,578,296,0.00,0.00,0,0
1423817718,s1-eth2,8910.00,407510.00,416420.00,407510,8910,135.00,271.00,406.00,271,135,0.00,0.00,0,0
1423817718,s2-eth1,870916.00,19536.00,890452.00,19536,870916,578.00,296.00,874.00,296,578,0.00,0.00,0,0
1423817718,s2-eth3,9768.00,435458.00,445226.00,435458,9768,148.00,289.00,437.00,289,148,0.00,0.00,0,0
1423817718,s2-eth2,9768.00,435458.00,445226.00,435458,9768,148.00,289.00,437.00,289,148,0.00,0.00,0,0
1423817718,s3-eth1,435458.00,9768.00,445226.00,9768,435458,289.00,148.00,437.00,148,289,0.00,0.00,0,0
1423817718,s3-eth2,9768.00,435458.00,445226.00,435458,9768,148.00,289.00,437.00,289,148,0.00,0.00,0,0
1423817718,eth0,0.00,0.00,0.00,0,0,0.00,0.00,0.00,0,0,0.00,0.00,0,0
1423817718,lo,0.00,0.00,0.00,0,0,0.00,0.00,0.00,0,0,0.00,0.00,0,0
1423817718,total,2614480.00,2642550.00,5257030.00,2642550,2614480,2572.00,2591.00,5163.00,2591,2572,0.00,0.00,0,0
1423817719,s1-eth1,1251174.00,28404.00,1279578.00,28404,1251174,831.00,430.00,1261.00,430,831,0.00,0.00,0,0
1423817719,s1-eth3,19008.00,849720.00,868728.00,849720,19008,288.00,564.00,852.00,564,288,0.00,0.00,0,0
1423817719,s1-eth2,9372.00,417290.00,426662.00,417290,9372,142.00,277.00,419.00,277,142,0.00,0.00,0,0
1423817719,s2-eth1,849720.00,19008.00,868728.00,19008,849720,564.00,288.00,852.00,288,564,0.00,0.00,0,0
1423817719,s2-eth3,9504.00,424860.00,434364.00,424860,9504,144.00,282.00,426.00,282,144,0.00,0.00,0,0
1423817719,s2-eth2,9504.00,424860.00,434364.00,424860,9504,144.00,282.00,426.00,282,144,0.00,0.00,0,0
1423817719,s3-eth1,424860.00,9504.00,434364.00,9504,424860,282.00,144.00,426.00,144,282,0.00,0.00,0,0
1423817719,s3-eth2,9504.00,424860.00,434364.00,424860,9504,144.00,282.00,426.00,282,144,0.00,0.00,0,0
1423817719,eth0,0.00,0.00,0.00,0,0,0.00,0.00,0.00,0,0,0.00,0.00,0,0
1423817719,lo,288.00,288.00,576.00,288,288,3.00,3.00,6.00,3,3,0.00,0.00,0,0
1423817719,total,2582934.00,2598794.00,5181728.00,2598794,2582934,2542.00,2552.00,5094.00,2552,2542,0.00,0.00,0,0
1423817720,s1-eth1,1248860.00,28714.00,1277574.00,28714,1248860,830.00,435.00,1265.00,435,830,0.00,0.00,0,0
1423817720,s1-eth3,19586.00,878588.00,898174.00,878588,19586,297.00,586.00,883.00,586,297,0.00,0.00,0,0
1423817720,s1-eth2,9756.00,396248.00,406004.00,396248,9756,148.00,266.00,414.00,266,148,0.00,0.00,0,0
1423817720,s2-eth1,878588.00,19586.00,898174.00,19586,878588,586.00,297.00,883.00,297,586,0.00,0.00,0,0
1423817720,s2-eth3,10218.00,445392.00,455610.00,445392,10218,155.00,298.00,453.00,298,155,0.00,0.00,0,0
1423817720,s2-eth2,9756.00,437822.00,447578.00,437822,9756,148.00,293.00,441.00,293,148,0.00,0.00,0,0
1423817720,s3-eth1,445392.00,10218.00,455610.00,10218,445392,298.00,155.00,453.00,155,298,0.00,0.00,0,0
1423817720,s3-eth2,10218.00,445392.00,455610.00,445392,10218,155.00,298.00,453.00,298,155,0.00,0.00,0,0
1423817720,eth0,0.00,0.00,0.00,0,0,0.00,0.00,0.00,0,0,0.00,0.00,0,0
1423817720,lo,7520.00,7520.00,15040.00,7520,7520,76.00,76.00,152.00,76,76,0.00,0.00,0,0
1423817720,total,2639894.00,2669480.00,5309374.00,2669480,2639894,2693.00,2704.00,5397.00,2704,2693,0.00,0.00,0,0
1423817721,s1-eth1,1251112.00,29634.00,1280746.00,29634,1251112,830.00,449.00,1279.00,449,830,0.00,0.00,0,0
1423817721,s1-eth3,19272.00,880808.00,900080.00,880808,19272,292.00,584.00,876.00,584,292,0.00,0.00,0,0
1423817721,s1-eth2,10296.00,468766.00,479062.00,468766,10296,156.00,311.00,467.00,311,156,0.00,0.00,0,0
1423817721,s2-eth1,880808.00,19272.00,900080.00,19272,880808,584.00,292.00,876.00,292,584,0.00,0.00,0,0
1423817721,s2-eth3,10032.00,467308.00,477340.00,467308,10032,152.00,310.00,462.00,310,152,0.00,0.00,0,0
1423817721,s2-eth2,9306.00,408958.00,418264.00,408958,9306,141.00,271.00,412.00,271,141,0.00,0.00,0,0
1423817721,s3-eth1,467308.00,10032.00,477340.00,10032,467308,310.00,152.00,462.00,152,310,0.00,0.00,0,0
1423817721,s3-eth2,10032.00,467308.00,477340.00,467308,10032,152.00,310.00,462.00,310,152,0.00,0.00,0,0
1423817721,eth0,0.00,0.00,0.00,0,0,0.00,0.00,0.00,0,0,0.00,0.00,0,0
1423817721,lo,0.00,0.00,0.00,0,0,0.00,0.00,0.00,0,0,0.00,0.00,0,0
1423817721,total,2658166.00,2752086.00,5410252.00,2752086,2658166,2617.00,2679.00,5296.00,2679,2617,0.00,0.00,0,0
1423817722,s1-eth1,1251052.00,38202.00,1289254.00,38202,1251052,830.00,541.00,1371.00,541,830,0.00,0.00,0,0
1423817722,s1-eth3,23964.00,912580.00,936544.00,912580,23964,350.00,606.00,956.00,606,350,0.00,0.00,0,0
1423817722,s1-eth2,14394.00,392248.00,406642.00,392248,14394,193.00,260.00,453.00,260,193,0.00,0.00,0,0
1423817722,s2-eth1,912580.00,23964.00,936544.00,23964,912580,606.00,350.00,956.00,350,606,0.00,0.00,0,0
1423817722,s2-eth3,12678.00,396062.00,408740.00,396062,12678,179.00,263.00,442.00,263,179,0.00,0.00,0,0
1423817722,s2-eth2,11376.00,516518.00,527894.00,516518,11376,172.00,343.00,515.00,343,172,0.00,0.00,0,0
1423817722,s3-eth1,396062.00,12678.00,408740.00,12678,396062,263.00,179.00,442.00,179,263,0.00,0.00,0,0
1423817722,s3-eth2,12612.00,396062.00,408674.00,396062,12612,178.00,263.00,441.00,263,178,0.00,0.00,0,0
1423817722,eth0,0.00,0.00,0.00,0,0,0.00,0.00,0.00,0,0,0.00,0.00,0,0
1423817722,lo,864.00,864.00,1728.00,864,864,9.00,9.00,18.00,9,9,0.00,0.00,0,0
1423817722,total,2635582.00,2689178.00,5324760.00,2689178,2635582,2780.00,2814.00,5594.00,2814,2780,0.00,0.00,0,0
1423817723,s1-eth1,1250226.00,40738.00,1290964.00,40738,1250226,829.00,543.00,1372.00,543,829,0.00,0.00,0,0
1423817723,s1-eth3,28904.00,989606.00,1018510.00,989606,28904,392.00,655.00,1047.00,655,392,0.00,0.00,0,0
1423817723,s1-eth2,11924.00,283118.00,295042.00,283118,11924,152.00,187.00,339.00,187,152,0.00,0.00,0,0
1423817723,s2-eth1,989606.00,28904.00,1018510.00,28904,989606,655.00,392.00,1047.00,392,655,0.00,0.00,0,0
1423817723,s2-eth3,10452.00,471728.00,482180.00,471728,10452,158.00,312.00,470.00,312,158,0.00,0.00,0,0
1423817723,s2-eth2,18542.00,520906.00,539448.00,520906,18542,235.00,345.00,580.00,345,235,0.00,0.00,0,0
1423817723,s3-eth1,471728.00,10452.00,482180.00,10452,471728,312.00,158.00,470.00,158,312,0.00,0.00,0,0
1423817723,s3-eth2,10518.00,471728.00,482246.00,471728,10518,159.00,312.00,471.00,312,159,0.00,0.00,0,0
1423817723,eth0,0.00,0.00,0.00,0,0,0.00,0.00,0.00,0,0,0.00,0.00,0,0
1423817723,lo,864.00,864.00,1728.00,864,864,9.00,9.00,18.00,9,9,0.00,0.00,0,0
1423817723,total,2792764.00,2818044.00,5610808.00,2818044,2792764,2901.00,2913.00,5814.00,2913,2901,0.00,0.00,0,0
1423817724,s1-eth1,1249466.00,36802.00,1286268.00,36802,1249466,827.00,511.00,1338.00,511,827,0.00,0.00,0,0
1423817724,s1-eth3,25578.00,931596.00,957174.00,931596,25578,361.00,618.00,979.00,618,361,0.00,0.00,0,0
1423817724,s1-eth2,11504.00,301356.00,312860.00,301356,11504,154.00,200.00,354.00,200,154,0.00,0.00,0,0
1423817724,s2-eth1,931596.00,25578.00,957174.00,25578,931596,618.00,361.00,979.00,361,618,0.00,0.00,0,0
1423817724,s2-eth3,13504.00,379444.00,392948.00,379444,13504,178.00,252.00,430.00,252,178,0.00,0.00,0,0
1423817724,s2-eth2,12354.00,549124.00,561478.00,549124,12354,187.00,364.00,551.00,364,187,0.00,0.00,0,0
1423817724,s3-eth1,379444.00,13504.00,392948.00,13504,379444,252.00,178.00,430.00,178,252,0.00,0.00,0,0
1423817724,s3-eth2,13438.00,382472.00,395910.00,382472,13438,177.00,254.00,431.00,254,177,0.00,0.00,0,0
1423817724,eth0,0.00,434.00,434.00,434,0,0.00,2.00,2.00,2,0,0.00,0.00,0,0
1423817724,lo,3216.00,3216.00,6432.00,3216,3216,36.00,36.00,72.00,36,36,0.00,0.00,0,0
1423817724,total,2640100.00,2623526.00,5263626.00,2623526,2640100,2790.00,2776.00,5566.00,2776,2790,0.00,0.00,0,0
1423817725,s1-eth1,1251060.00,27456.00,1278516.00,27456,1251060,830.00,416.00,1246.00,416,830,0.00,0.00,0,0
1423817725,s1-eth3,21120.00,984456.00,1005576.00,984456,21120,320.00,652.00,972.00,652,320,0.00,0.00,0,0
1423817725,s1-eth2,6336.00,292202.00,298538.00,292202,6336,96.00,193.00,289.00,193,96,0.00,0.00,0,0
1423817725,s2-eth1,984456.00,21120.00,1005576.00,21120,984456,652.00,320.00,972.00,320,652,0.00,0.00,0,0
1423817725,s2-eth3,8778.00,411986.00,420764.00,411986,8778,133.00,273.00,406.00,273,133,0.00,0.00,0,0
1423817725,s2-eth2,12276.00,573984.00,586260.00,573984,12276,186.00,380.00,566.00,380,186,0.00,0.00,0,0
1423817725,s3-eth1,411986.00,8778.00,420764.00,8778,411986,273.00,133.00,406.00,133,273,0.00,0.00,0,0
1423817725,s3-eth2,8844.00,408958.00,417802.00,408958,8844,134.00,271.00,405.00,271,134,0.00,0.00,0,0
1423817725,eth0,0.00,92.00,92.00,92,0,0.00,1.00,1.00,1,0,0.00,0.00,0,0
1423817725,lo,0.00,0.00,0.00,0,0,0.00,0.00,0.00,0,0,0.00,0.00,0,0
1423817725,total,2704856.00,2729032.00,5433888.00,2729032,2704856,2624.00,2639.00,5263.00,2639,2624,0.00,0.00,0,0
1423817726,s1-eth1,1250102.00,27786.00,1277888.00,27786,1250102,827.00,421.00,1248.00,421,827,0.00,0.00,0,0
1423817726,s1-eth3,21384.00,954872.00,976256.00,954872,21384,324.00,632.00,956.00,632,324,0.00,0.00,0,0
1423817726,s1-eth2,6402.00,284632.00,291034.00,284632,6402,97.00,188.00,285.00,188,97,0.00,0.00,0,0
1423817726,s2-eth1,954872.00,21384.00,976256.00,21384,954872,632.00,324.00,956.00,324,632,0.00,0.00,0,0
1423817726,s2-eth3,9834.00,439934.00,449768.00,439934,9834,149.00,291.00,440.00,291,149,0.00,0.00,0,0
1423817726,s2-eth2,11550.00,513424.00,524974.00,513424,11550,175.00,340.00,515.00,340,175,0.00,0.00,0,0
1423817726,s3-eth1,439934.00,9900.00,449834.00,9900,439934,291.00,150.00,441.00,150,291,0.00,0.00,0,0
1423817726,s3-eth2,9834.00,439934.00,449768.00,439934,9834,149.00,291.00,440.00,291,149,0.00,0.00,0,0
1423817726,eth0,0.00,92.00,92.00,92,0,0.00,1.00,1.00,1,0,0.00,0.00,0,0
1423817726,lo,0.00,0.00,0.00,0,0,0.00,0.00,0.00,0,0,0.00,0.00,0,0
1423817726,total,2703912.00,2691958.00,5395870.00,2691958,2703912,2644.00,2638.00,5282.00,2638,2644,0.00,0.00,0,0
1423817727,s1-eth1,1249924.00,27852.00,1277776.00,27852,1249924,826.00,422.00,1248.00,422,826,0.00,0.00,0,0
1423817727,s1-eth3,21780.00,995872.00,1017652.00,995872,21780,330.00,660.00,990.00,660,330,0.00,0.00,0,0
1423817727,s1-eth2,6072.00,266464.00,272536.00,266464,6072,92.00,176.00,268.00,176,92,0.00,0.00,0,0
1423817727,s2-eth1,995872.00,21780.00,1017652.00,21780,995872,660.00,330.00,990.00,330,660,0.00,0.00,0,0
1423817727,s2-eth3,10032.00,452864.00,462896.00,452864,10032,152.00,300.00,452.00,300,152,0.00,0.00,0,0
1423817727,s2-eth2,11748.00,543008.00,554756.00,543008,11748,178.00,360.00,538.00,360,178,0.00,0.00,0,0
1423817727,s3-eth1,452864.00,9966.00,462830.00,9966,452864,300.00,151.00,451.00,151,300,0.00,0.00,0,0
1423817727,s3-eth2,10032.00,452864.00,462896.00,452864,10032,152.00,300.00,452.00,300,152,0.00,0.00,0,0
1423817727,eth0,0.00,0.00,0.00,0,0,0.00,0.00,0.00,0,0,0.00,0.00,0,0
1423817727,lo,0.00,0.00,0.00,0,0,0.00,0.00,0.00,0,0,0.00,0.00,0,0
1423817727,total,2758324.00,2770670.00,5528994.00,2770670,2758324,2690.00,2699.00,5389.00,2699,2690,0.00,0.00,0,0
1423817728,s1-eth1,1250346.00,27918.00,1278264.00,27918,1250346,829.00,423.00,1252.00,423,829,0.00,0.00,0,0
1423817728,s1-eth3,21054.00,944218.00,965272.00,944218,21054,319.00,625.00,944.00,625,319,0.00,0.00,0,0
1423817728,s1-eth2,6864.00,310370.00,317234.00,310370,6864,104.00,205.00,309.00,205,104,0.00,0.00,0,0
1423817728,s2-eth1,944218.00,21054.00,965272.00,21054,944218,625.00,319.00,944.00,319,625,0.00,0.00,0,0
1423817728,s2-eth3,9570.00,430850.00,440420.00,430850,9570,145.00,285.00,430.00,285,145,0.00,0.00,0,0
1423817728,s2-eth2,11550.00,520938.00,532488.00,520938,11550,175.00,345.00,520.00,345,175,0.00,0.00,0,0
1423817728,s3-eth1,430850.00,9570.00,440420.00,9570,430850,285.00,145.00,430.00,145,285,0.00,0.00,0,0
1423817728,s3-eth2,9570.00,430850.00,440420.00,430850,9570,145.00,285.00,430.00,285,145,0.00,0.00,0,0
1423817728,eth0,0.00,0.00,0.00,0,0,0.00,0.00,0.00,0,0,0.00,0.00,0,0
1423817728,lo,0.00,0.00,0.00,0,0,0.00,0.00,0.00,0,0,0.00,0.00,0,0
1423817728,total,2684022.00,2695768.00,5379790.00,2695768,2684022,2627.00,2632.00,5259.00,2632,2627,0.00,0.00,0,0
1423817729,s1-eth1,1250808.00,27786.00,1278594.00,27786,1250808,828.00,421.00,1249.00,421,828,0.00,0.00,0,0
1423817729,s1-eth3,20988.00,951036.00,972024.00,951036,20988,318.00,630.00,948.00,630,318,0.00,0.00,0,0
1423817729,s1-eth2,6732.00,308856.00,315588.00,308856,6732,102.00,204.00,306.00,204,102,0.00,0.00,0,0
1423817729,s2-eth1,951036.00,20988.00,972024.00,20988,951036,630.00,318.00,948.00,318,630,0.00,0.00,0,0
1423817729,s2-eth3,9306.00,425434.00,434740.00,425434,9306,141.00,281.00,422.00,281,141,0.00,0.00,0,0
1423817729,s2-eth2,11682.00,518032.00,529714.00,518032,11682,177.00,344.00,521.00,344,177,0.00,0.00,0,0
1423817729,s3-eth1,425434.00,9306.00,434740.00,9306,425434,281.00,141.00,422.00,141,281,0.00,0.00,0,0
1423817729,s3-eth2,9306.00,425434.00,434740.00,425434,9306,141.00,281.00,422.00,281,141,0.00,0.00,0,0
1423817729,eth0,0.00,0.00,0.00,0,0,0.00,0.00,0.00,0,0,0.00,0.00,0,0
1423817729,lo,516.00,516.00,1032.00,516,516,9.00,9.00,18.00,9,9,0.00,0.00,0,0
1423817729,total,2685808.00,2687388.00,5373196.00,2687388,2685808,2627.00,2629.00,5256.00,2629,2627,0.00,0.00,0,0
1423817730,s1-eth1,1250864.00,41192.00,1292056.00,41192,1250864,828.00,560.00,1388.00,560,828,0.00,0.00,0,0
1423817730,s1-eth3,29894.00,855710.00,885604.00,855710,29894,399.00,567.00,966.00,567,399,0.00,0.00,0,0
1423817730,s1-eth2,11364.00,369416.00,380780.00,369416,11364,162.00,244.00,406.00,244,162,0.00,0.00,0,0
1423817730,s2-eth1,855710.00,29894.00,885604.00,29894,855710,567.00,399.00,966.00,399,567,0.00,0.00,0,0
1423817730,s2-eth3,12602.00,402902.00,415504.00,402902,12602,177.00,267.00,444.00,267,177,0.00,0.00,0,0
1423817730,s2-eth2,17226.00,455836.00,473062.00,455836,17226,221.00,302.00,523.00,302,221,0.00,0.00,0,0
1423817730,s3-eth1,402902.00,12602.00,415504.00,12602,402902,267.00,177.00,444.00,177,267,0.00,0.00,0,0
1423817730,s3-eth2,12602.00,402902.00,415504.00,402902,12602,177.00,267.00,444.00,267,177,0.00,0.00,0,0
1423817730,eth0,0.00,0.00,0.00,0,0,0.00,0.00,0.00,0,0,0.00,0.00,0,0
1423817730,lo,0.00,0.00,0.00,0,0,0.00,0.00,0.00,0,0,0.00,0.00,0,0
1423817730,total,2593164.00,2570454.00,5163618.00,2570454,2593164,2798.00,2783.00,5581.00,2783,2798,0.00,0.00,0,0
1423817731,s1-eth1,1250564.00,29166.00,1279730.00,29166,1250564,826.00,435.00,1261.00,435,826,0.00,0.00,0,0
1423817731,s1-eth3,20592.00,968960.00,989552.00,968960,20592,312.00,640.00,952.00,640,312,0.00,0.00,0,0
1423817731,s1-eth2,8508.00,289174.00,297682.00,289174,8508,122.00,191.00,313.00,191,122,0.00,0.00,0,0
1423817731,s2-eth1,968960.00,20592.00,989552.00,20592,968960,640.00,312.00,952.00,312,640,0.00,0.00,0,0
1423817731,s2-eth3,8382.00,399696.00,408078.00,399696,8382,127.00,264.00,391.00,264,127,0.00,0.00,0,0
1423817731,s2-eth2,12276.00,567750.00,580026.00,567750,12276,186.00,375.00,561.00,375,186,0.00,0.00,0,0
1423817731,s3-eth1,399696.00,8382.00,408078.00,8382,399696,264.00,127.00,391.00,127,264,0.00,0.00,0,0
1423817731,s3-eth2,8382.00,399696.00,408078.00,399696,8382,127.00,264.00,391.00,264,127,0.00,0.00,0,0
1423817731,eth0,0.00,0.00,0.00,0,0,0.00,0.00,0.00,0,0,0.00,0.00,0,0
1423817731,lo,0.00,0.00,0.00,0,0,0.00,0.00,0.00,0,0,0.00,0.00,0,0
1423817731,total,2677360.00,2683416.00,5360776.00,2683416,2677360,2604.00,2608.00,5212.00,2608,2604,0.00,0.00,0,0
1423817732,s1-eth1,1250392.00,32392.00,1282784.00,32392,1250392,828.00,468.00,1296.00,468,828,0.00,0.00,0,0
1423817732,s1-eth3,24816.00,968788.00,993604.00,968788,24816,364.00,642.00,1006.00,642,364,0.00,0.00,0,0
1423817732,s1-eth2,7642.00,280090.00,287732.00,280090,7642,105.00,185.00,290.00,185,105,0.00,0.00,0,0
1423817732,s2-eth1,968788.00,24816.00,993604.00,24816,968788,642.00,364.00,1006.00,364,642,0.00,0.00,0,0
1423817732,s2-eth3,10230.00,306062.00,316292.00,306062,10230,143.00,203.00,346.00,203,143,0.00,0.00,0,0
1423817732,s2-eth2,14586.00,665754.00,680340.00,665754,14586,221.00,441.00,662.00,441,221,0.00,0.00,0,0
1423817732,s3-eth1,306062.00,10230.00,316292.00,10230,306062,203.00,143.00,346.00,143,203,0.00,0.00,0,0
1423817732,s3-eth2,10230.00,306062.00,316292.00,306062,10230,143.00,203.00,346.00,203,143,0.00,0.00,0,0
1423817732,eth0,0.00,0.00,0.00,0,0,0.00,0.00,0.00,0,0,0.00,0.00,0,0
1423817732,lo,0.00,0.00,0.00,0,0,0.00,0.00,0.00,0,0,0.00,0.00,0,0
1423817732,total,2592746.00,2594194.00,5186940.00,2594194,2592746,2649.00,2649.00,5298.00,2649,2649,0.00,0.00,0,0
1423817733,s1-eth1,1250046.00,27918.00,1277964.00,27918,1250046,827.00,423.00,1250.00,423,827,0.00,0.00,0,0
1423817733,s1-eth3,21318.00,968564.00,989882.00,968564,21318,323.00,642.00,965.00,642,323,0.00,0.00,0,0
1423817733,s1-eth2,6600.00,296744.00,303344.00,296744,6600,100.00,196.00,296.00,196,100,0.00,0.00,0,0
1423817733,s2-eth1,968564.00,21318.00,989882.00,21318,968564,642.00,323.00,965.00,323,642,0.00,0.00,0,0
1423817733,s2-eth3,8778.00,399696.00,408474.00,399696,8778,133.00,264.00,397.00,264,133,0.00,0.00,0,0
1423817733,s2-eth2,12474.00,564326.00,576800.00,564326,12474,189.00,375.00,564.00,375,189,0.00,0.00,0,0
1423817733,s3-eth1,399696.00,8778.00,408474.00,8778,399696,264.00,133.00,397.00,133,264,0.00,0.00,0,0
1423817733,s3-eth2,8778.00,399696.00,408474.00,399696,8778,133.00,264.00,397.00,264,133,0.00,0.00,0,0
1423817733,eth0,0.00,0.00,0.00,0,0,0.00,0.00,0.00,0,0,0.00,0.00,0,0
1423817733,lo,0.00,0.00,0.00,0,0,0.00,0.00,0.00,0,0,0.00,0.00,0,0
1423817733,total,2676254.00,2687040.00,5363294.00,2687040,2676254,2611.00,2620.00,5231.00,2620,2611,0.00,0.00,0,0
1423817734,s1-eth1,1250046.00,27720.00,1277766.00,27720,1250046,827.00,420.00,1247.00,420,827,0.00,0.00,0,0
1423817734,s1-eth3,20856.00,935830.00,956686.00,935830,20856,316.00,619.00,935.00,619,316,0.00,0.00,0,0
1423817734,s1-eth2,6798.00,302800.00,309598.00,302800,6798,103.00,200.00,303.00,200,103,0.00,0.00,0,0
1423817734,s2-eth1,935830.00,20856.00,956686.00,20856,935830,619.00,316.00,935.00,316,619,0.00,0.00,0,0
1423817734,s2-eth3,7986.00,361846.00,369832.00,361846,7986,121.00,239.00,360.00,239,121,0.00,0.00,0,0
1423817734,s2-eth2,12936.00,577012.00,589948.00,577012,12936,196.00,382.00,578.00,382,196,0.00,0.00,0,0
1423817734,s3-eth1,361846.00,7986.00,369832.00,7986,361846,239.00,121.00,360.00,121,239,0.00,0.00,0,0
1423817734,s3-eth2,7986.00,361846.00,369832.00,361846,7986,121.00,239.00,360.00,239,121,0.00,0.00,0,0
1423817734,eth0,0.00,0.00,0.00,0,0,0.00,0.00,0.00,0,0,0.00,0.00,0,0
1423817734,lo,516.00,516.00,1032.00,516,516,9.00,9.00,18.00,9,9,0.00,0.00,0,0
1423817734,total,2604800.00,2596412.00,5201212.00,2596412,2604800,2551.00,2545.00,5096.00,2545,2551,0.00,0.00,0,0
1423817735,s1-eth1,1249990.00,27654.00,1277644.00,27654,1249990,827.00,419.00,1246.00,419,827,0.00,0.00,0,0
1423817735,s1-eth3,21516.00,981194.00,1002710.00,981194,21516,326.00,649.00,975.00,649,326,0.00,0.00,0,0
1423817735,s1-eth2,6204.00,274034.00,280238.00,274034,6204,94.00,181.00,275.00,181,94,0.00,0.00,0,0
1423817735,s2-eth1,981194.00,21516.00,1002710.00,21516,981194,649.00,326.00,975.00,326,649,0.00,0.00,0,0
1423817735,s2-eth3,9042.00,410294.00,419336.00,410294,9042,137.00,271.00,408.00,271,137,0.00,0.00,0,0
1423817735,s2-eth2,12408.00,567872.00,580280.00,567872,12408,188.00,376.00,564.00,376,188,0.00,0.00,0,0
1423817735,s3-eth1,410294.00,9042.00,419336.00,9042,410294,271.00,137.00,408.00,137,271,0.00,0.00,0,0
1423817735,s3-eth2,9042.00,410294.00,419336.00,410294,9042,137.00,271.00,408.00,271,137,0.00,0.00,0,0
1423817735,eth0,0.00,0.00,0.00,0,0,0.00,0.00,0.00,0,0,0.00,0.00,0,0
1423817735,lo,0.00,0.00,0.00,0,0,0.00,0.00,0.00,0,0,0.00,0.00,0,0
1423817735,total,2699690.00,2701900.00,5401590.00,2701900,2699690,2629.00,2630.00,5259.00,2630,2629,0.00,0.00,0,0
1423817736,s1-eth1,1250742.00,27720.00,1278462.00,27720,1250742,827.00,420.00,1247.00,420,827,0.00,0.00,0,0
1423817736,s1-eth3,20724.00,931410.00,952134.00,931410,20724,314.00,617.00,931.00,617,314,0.00,0.00,0,0
1423817736,s1-eth2,6930.00,319454.00,326384.00,319454,6930,105.00,211.00,316.00,211,105,0.00,0.00,0,0
1423817736,s2-eth1,931410.00,20724.00,952134.00,20724,931410,617.00,314.00,931.00,314,617,0.00,0.00,0,0
1423817736,s2-eth3,8250.00,370930.00,379180.00,370930,8250,125.00,245.00,370.00,245,125,0.00,0.00,0,0
1423817736,s2-eth2,12540.00,563508.00,576048.00,563508,12540,190.00,374.00,564.00,374,190,0.00,0.00,0,0
1423817736,s3-eth1,370930.00,8250.00,379180.00,8250,370930,245.00,125.00,370.00,125,245,0.00,0.00,0,0
1423817736,s3-eth2,8250.00,370930.00,379180.00,370930,8250,125.00,245.00,370.00,245,125,0.00,0.00,0,0
1423817736,eth0,0.00,0.00,0.00,0,0,0.00,0.00,0.00,0,0,0.00,0.00,0,0
1423817736,lo,0.00,0.00,0.00,0,0,0.00,0.00,0.00,0,0,0.00,0.00,0,0
1423817736,total,2609776.00,2612926.00,5222702.00,2612926,2609776,2548.00,2551.00,5099.00,2551,2548,0.00,0.00,0,0
1423817737,s1-eth1,1250808.00,27720.00,1278528.00,27720,1250808,828.00,420.00,1248.00,420,828,0.00,0.00,0,0
1423817737,s1-eth3,21252.00,984344.00,1005596.00,984344,21252,322.00,652.00,974.00,652,322,0.00,0.00,0,0
1423817737,s1-eth2,6534.00,302800.00,309334.00,302800,6534,99.00,200.00,299.00,200,99,0.00,0.00,0,0
1423817737,s2-eth1,984344.00,21252.00,1005596.00,21252,984344,652.00,322.00,974.00,322,652,0.00,0.00,0,0
1423817737,s2-eth3,9372.00,434518.00,443890.00,434518,9372,142.00,287.00,429.00,287,142,0.00,0.00,0,0
1423817737,s2-eth2,11814.00,546798.00,558612.00,546798,11814,179.00,363.00,542.00,363,179,0.00,0.00,0,0
1423817737,s3-eth1,434518.00,9372.00,443890.00,9372,434518,287.00,142.00,429.00,142,287,0.00,0.00,0,0
1423817737,s3-eth2,9372.00,434518.00,443890.00,434518,9372,142.00,287.00,429.00,287,142,0.00,0.00,0,0
1423817737,eth0,0.00,0.00,0.00,0,0,0.00,0.00,0.00,0,0,0.00,0.00,0,0
1423817737,lo,0.00,0.00,0.00,0,0,0.00,0.00,0.00,0,0,0.00,0.00,0,0
1423817737,total,2728014.00,2761322.00,5489336.00,2761322,2728014,2651.00,2673.00,5324.00,2673,2651,0.00,0.00,0,0
1423817738,s1-eth1,1250560.00,32050.00,1282610.00,32050,1250560,828.00,465.00,1293.00,465,828,0.00,0.00,0,0
1423817738,s1-eth3,23140.00,832574.00,855714.00,832574,23140,330.00,551.00,881.00,551,330,0.00,0.00,0,0
1423817738,s1-eth2,8844.00,425434.00,434278.00,425434,8844,134.00,281.00,415.00,281,134,0.00,0.00,0,0
1423817738,s2-eth1,832574.00,23140.00,855714.00,23140,832574,551.00,330.00,881.00,330,551,0.00,0.00,0,0
1423817738,s2-eth3,9240.00,429032.00,438272.00,429032,9240,140.00,284.00,424.00,284,140,0.00,0.00,0,0
1423817738,s2-eth2,13966.00,403542.00,417508.00,403542,13966,191.00,267.00,458.00,267,191,0.00,0.00,0,0
1423817738,s3-eth1,429032.00,9240.00,438272.00,9240,429032,284.00,140.00,424.00,140,284,0.00,0.00,0,0
1423817738,s3-eth2,9240.00,429032.00,438272.00,429032,9240,140.00,284.00,424.00,284,140,0.00,0.00,0,0
1423817738,eth0,0.00,0.00,0.00,0,0,0.00,0.00,0.00,0,0,0.00,0.00,0,0
1423817738,lo,0.00,0.00,0.00,0,0,0.00,0.00,0.00,0,0,0.00,0.00,0,0
1423817738,total,2576596.00,2584044.00,5160640.00,2584044,2576596,2598.00,2602.00,5200.00,2602,2598,0.00,0.00,0,0
1423817739,s1-eth1,1250564.00,41266.00,1291830.00,41266,1250564,826.00,553.00,1379.00,553,826,0.00,0.00,0,0
1423817739,s1-eth3,28876.00,864494.00,893370.00,864494,28876,388.00,571.00,959.00,571,388,0.00,0.00,0,0
1423817739,s1-eth2,12390.00,345192.00,357582.00,345192,12390,165.00,228.00,393.00,228,165,0.00,0.00,0,0
1423817739,s2-eth1,864494.00,28876.00,893370.00,28876,864494,571.00,388.00,959.00,388,571,0.00,0.00,0,0
1423817739,s2-eth3,14686.00,437546.00,452232.00,437546,14686,195.00,289.00,484.00,289,195,0.00,0.00,0,0
1423817739,s2-eth2,14190.00,429976.00,444166.00,429976,14190,193.00,284.00,477.00,284,193,0.00,0.00,0,0
1423817739,s3-eth1,437546.00,14686.00,452232.00,14686,437546,289.00,195.00,484.00,195,289,0.00,0.00,0,0
1423817739,s3-eth2,14686.00,437546.00,452232.00,437546,14686,195.00,289.00,484.00,289,195,0.00,0.00,0,0
1423817739,eth0,0.00,0.00,0.00,0,0,0.00,0.00,0.00,0,0,0.00,0.00,0,0
1423817739,lo,516.00,516.00,1032.00,516,516,9.00,9.00,18.00,9,9,0.00,0.00,0,0
1423817739,total,2637948.00,2600098.00,5238046.00,2600098,2637948,2831.00,2806.00,5637.00,2806,2831,0.00,0.00,0,0
1423817740,s1-eth1,1250036.00,27258.00,1277294.00,27258,1250036,826.00,413.00,1239.00,413,826,0.00,0.00,0,0
1423817740,s1-eth3,18480.00,857910.00,876390.00,857910,18480,280.00,567.00,847.00,567,280,0.00,0.00,0,0
1423817740,s1-eth2,8778.00,417864.00,426642.00,417864,8778,133.00,276.00,409.00,276,133,0.00,0.00,0,0
1423817740,s2-eth1,857910.00,18480.00,876390.00,18480,857910,567.00,280.00,847.00,280,567,0.00,0.00,0,0
1423817740,s2-eth3,10032.00,459728.00,469760.00,459728,10032,152.00,304.00,456.00,304,152,0.00,0.00,0,0
1423817740,s2-eth2,8448.00,395154.00,403602.00,395154,8448,128.00,261.00,389.00,261,128,0.00,0.00,0,0
1423817740,s3-eth1,459728.00,10032.00,469760.00,10032,459728,304.00,152.00,456.00,152,304,0.00,0.00,0,0
1423817740,s3-eth2,9966.00,459728.00,469694.00,459728,9966,151.00,304.00,455.00,304,151,0.00,0.00,0,0
1423817740,eth0,0.00,249.00,249.00,249,0,0.00,1.00,1.00,1,0,0.00,0.00,0,0
1423817740,lo,0.00,0.00,0.00,0,0,0.00,0.00,0.00,0,0,0.00,0.00,0,0
1423817740,total,2623378.00,2646403.00,5269781.00,2646403,2623378,2541.00,2558.00,5099.00,2558,2541,0.00,0.00,0,0
1423817741,s1-eth1,1249924.00,27456.00,1277380.00,27456,1249924,826.00,416.00,1242.00,416,826,0.00,0.00,0,0
1423817741,s1-eth3,18546.00,853256.00,871802.00,853256,18546,281.00,564.00,845.00,564,281,0.00,0.00,0,0
1423817741,s1-eth2,8910.00,408780.00,417690.00,408780,8910,135.00,270.00,405.00,270,135,0.00,0.00,0,0
1423817741,s2-eth1,853256.00,18546.00,871802.00,18546,853256,564.00,281.00,845.00,281,564,0.00,0.00,0,0
1423817741,s2-eth3,9966.00,462644.00,472610.00,462644,9966,151.00,306.00,457.00,306,151,0.00,0.00,0,0
1423817741,s2-eth2,8580.00,390612.00,399192.00,390612,8580,130.00,258.00,388.00,258,130,0.00,0.00,0,0
1423817741,s3-eth1,462644.00,9966.00,472610.00,9966,462644,306.00,151.00,457.00,151,306,0.00,0.00,0,0
1423817741,s3-eth2,10032.00,462644.00,472676.00,462644,10032,152.00,306.00,458.00,306,152,0.00,0.00,0,0
1423817741,eth0,0.00,0.00,0.00,0,0,0.00,0.00,0.00,0,0,0.00,0.00,0,0
1423817741,lo,0.00,0.00,0.00,0,0,0.00,0.00,0.00,0,0,0.00,0.00,0,0
1423817741,total,2621858.00,2633904.00,5255762.00,2633904,2621858,2545.00,2552.00,5097.00,2552,2545,0.00,0.00,0,0
1423817742,s1-eth1,1249924.00,31200.00,1281124.00,31200,1249924,826.00,460.00,1286.00,460,826,0.00,0.00,0,0
1423817742,s1-eth3,19536.00,891106.00,910642.00,891106,19536,296.00,589.00,885.00,589,296,0.00,0.00,0,0
1423817742,s1-eth2,11730.00,346706.00,358436.00,346706,11730,165.00,229.00,394.00,229,165,0.00,0.00,0,0
1423817742,s2-eth1,891106.00,19536.00,910642.00,19536,891106,589.00,296.00,885.00,296,589,0.00,0.00,0,0
1423817742,s2-eth3,10098.00,462644.00,472742.00,462644,10098,153.00,306.00,459.00,306,153,0.00,0.00,0,0
1423817742,s2-eth2,9438.00,428462.00,437900.00,428462,9438,143.00,283.00,426.00,283,143,0.00,0.00,0,0
1423817742,s3-eth1,462644.00,10098.00,472742.00,10098,462644,306.00,153.00,459.00,153,306,0.00,0.00,0,0
1423817742,s3-eth2,10098.00,462644.00,472742.00,462644,10098,153.00,306.00,459.00,306,153,0.00,0.00,0,0
1423817742,eth0,0.00,0.00,0.00,0,0,0.00,0.00,0.00,0,0,0.00,0.00,0,0
1423817742,lo,0.00,0.00,0.00,0,0,0.00,0.00,0.00,0,0,0.00,0.00,0,0
1423817742,total,2664574.00,2652396.00,5316970.00,2652396,2664574,2631.00,2622.00,5253.00,2622,2631,0.00,0.00,0,0
1423817743,s1-eth1,1251438.00,27390.00,1278828.00,27390,1251438,827.00,415.00,1242.00,415,827,0.00,0.00,0,0
1423817743,s1-eth3,18348.00,838116.00,856464.00,838116,18348,278.00,554.00,832.00,554,278,0.00,0.00,0,0
1423817743,s1-eth2,9042.00,428462.00,437504.00,428462,9042,137.00,283.00,420.00,283,137,0.00,0.00,0,0
1423817743,s2-eth1,838116.00,18348.00,856464.00,18348,838116,554.00,278.00,832.00,278,554,0.00,0.00,0,0
1423817743,s2-eth3,10098.00,462644.00,472742.00,462644,10098,153.00,306.00,459.00,306,153,0.00,0.00,0,0
1423817743,s2-eth2,8250.00,375472.00,383722.00,375472,8250,125.00,248.00,373.00,248,125,0.00,0.00,0,0
1423817743,s3-eth1,462644.00,10098.00,472742.00,10098,462644,306.00,153.00,459.00,153,306,0.00,0.00,0,0
1423817743,s3-eth2,10032.00,462644.00,472676.00,462644,10032,152.00,306.00,458.00,306,152,0.00,0.00,0,0
1423817743,eth0,0.00,0.00,0.00,0,0,0.00,0.00,0.00,0,0,0.00,0.00,0,0
1423817743,lo,516.00,516.00,1032.00,516,516,9.00,9.00,18.00,9,9,0.00,0.00,0,0
1423817743,total,2608484.00,2623690.00,5232174.00,2623690,2608484,2541.00,2552.00,5093.00,2552,2541,0.00,0.00,0,0
1423817744,s1-eth1,1249924.00,29142.00,1279066.00,29142,1249924,826.00,435.00,1261.00,435,826,0.00,0.00,0,0
1423817744,s1-eth3,19404.00,844172.00,863576.00,844172,19404,290.00,558.00,848.00,558,290,0.00,0.00,0,0
1423817744,s1-eth2,9672.00,410294.00,419966.00,410294,9672,144.00,271.00,415.00,271,144,0.00,0.00,0,0
1423817744,s2-eth1,844172.00,19404.00,863576.00,19404,844172,558.00,290.00,848.00,290,558,0.00,0.00,0,0
1423817744,s2-eth3,9900.00,412682.00,422582.00,412682,9900,146.00,273.00,419.00,273,146,0.00,0.00,0,0
1423817744,s2-eth2,9504.00,434518.00,444022.00,434518,9504,144.00,287.00,431.00,287,144,0.00,0.00,0,0
1423817744,s3-eth1,412682.00,9900.00,422582.00,9900,412682,273.00,146.00,419.00,146,273,0.00,0.00,0,0
1423817744,s3-eth2,9966.00,412682.00,422648.00,412682,9966,147.00,273.00,420.00,273,147,0.00,0.00,0,0
1423817744,eth0,0.00,0.00,0.00,0,0,0.00,0.00,0.00,0,0,0.00,0.00,0,0
1423817744,lo,0.00,0.00,0.00,0,0,0.00,0.00,0.00,0,0,0.00,0.00,0,0
1423817744,total,2565224.00,2572794.00,5138018.00,2572794,2565224,2528.00,2533.00,5061.00,2533,2528,0.00,0.00,0,0
1423817745,s1-eth1,1250694.00,36740.00,1287434.00,36740,1250694,827.00,518.00,1345.00,518,827,0.00,0.00,0,0
1423817745,s1-eth3,24914.00,822102.00,847016.00,822102,24914,349.00,543.00,892.00,543,349,0.00,0.00,0,0
1423817745,s1-eth2,11892.00,398312.00,410204.00,398312,11892,170.00,264.00,434.00,264,170,0.00,0.00,0,0
1423817745,s2-eth1,822102.00,24914.00,847016.00,24914,822102,543.00,349.00,892.00,349,543,0.00,0.00,0,0
1423817745,s2-eth3,12902.00,254352.00,267254.00,254352,12902,167.00,168.00,335.00,168,167,0.00,0.00,0,0
1423817745,s2-eth2,11946.00,564722.00,576668.00,564722,11946,181.00,373.00,554.00,373,181,0.00,0.00,0,0
1423817745,s3-eth1,254352.00,12902.00,267254.00,12902,254352,168.00,167.00,335.00,167,168,0.00,0.00,0,0
1423817745,s3-eth2,12902.00,254352.00,267254.00,254352,12902,167.00,168.00,335.00,168,167,0.00,0.00,0,0
1423817745,eth0,0.00,0.00,0.00,0,0,0.00,0.00,0.00,0,0,0.00,0.00,0,0
1423817745,lo,0.00,0.00,0.00,0,0,0.00,0.00,0.00,0,0,0.00,0.00,0,0
1423817745,total,2401704.00,2368396.00,4770100.00,2368396,2401704,2572.00,2550.00,5122.00,2550,2572,0.00,0.00,0,0
1423817746,eth0,90.00,90.00,180.00,90,90,1.00,1.00,2.00,1,1,0.00,0.00,0,0
1423817746,lo,984.00,984.00,1968.00,984,984,14.00,14.00,28.00,14,14,0.00,0.00,0,0
1423817746,total,18446744073709551616.00,18446744073709551616.00,18446744073709551616.00,18446744073629968749,18446744073630379437,18446744073709471744.00,18446744073709471744.00,18446744073709393920.00,18446744073709472332,18446744073709472564,0.00,0.00,0,0
1423817747,eth0,90.00,0.00,90.00,0,90,1.00,0.00,1.00,0,1,0.00,0.00,0,0
1423817747,lo,0.00,0.00,0.00,0,0,0.00,0.00,0.00,0,0,0.00,0.00,0,0
1423817747,