1422325455,s1-eth1,0.00,0.00,0.00,0,0,0.00,0.00,0.00,0,0,0.00,0.00,0,0
1422325455,s1-eth2,0.00,0.00,0.00,0,0,0.00,0.00,0.00,0,0,0.00,0.00,0,0
1422325455,s2-eth1,0.00,0.00,0.00,0,0,0.00,0.00,0.00,0,0,0.00,0.00,0,0
1422325455,s2-eth2,0.00,0.00,0.00,0,0,0.00,0.00,0.00,0,0,0.00,0.00,0,0
1422325455,s3-eth1,0.00,0.00,0.00,0,0,0.00,0.00,0.00,0,0,0.00,0.00,0,0
1422325455,s3-eth2,0.00,0.00,0.00,0,0,0.00,0.00,0.00,0,0,0.00,0.00,0,0
1422325455,eth0,0.00,0.00,0.00,0,0,0.00,0.00,0.00,0,0,0.00,0.00,0,0
1422325455,lo,0.00,0.00,0.00,0,0,0.00,0.00,0.00,0,0,0.00,0.00,0,0
1422325455,total,0.00,0.00,0.00,0,0,0.00,0.00,0.00,0,0,0.00,0.00,0,0
1422325456,s1-eth1,2087776.00,50490.00,2138266.00,50490,2087776,1384.00,765.00,2149.00,765,1384,0.00,0.00,0,0
1422325456,s1-eth2,50226.00,2090804.00,2141030.00,2090804,50226,761.00,1386.00,2147.00,1386,761,0.00,0.00,0,0
1422325456,s2-eth1,2090804.00,50226.00,2141030.00,50226,2090804,1386.00,761.00,2147.00,761,1386,0.00,0.00,0,0
1422325456,s2-eth2,49302.00,2090804.00,2140106.00,2090804,49302,747.00,1386.00,2133.00,1386,747,0.00,0.00,0,0
1422325456,s3-eth1,2088715.38,49252.75,2137968.00,49302,2090804,1384.62,746.25,2130.87,747,1386,0.00,0.00,0,0
1422325456,s3-eth2,46813.19,2117452.50,2164265.75,2119570,46860,709.29,1403.60,2112.89,1405,710,0.00,0.00,0,0
1422325456,eth0,0.00,0.00,0.00,0,0,0.00,0.00,0.00,0,0,0.00,0.00,0,0
1422325456,lo,0.00,0.00,0.00,0,0,0.00,0.00,0.00,0,0,0.00,0.00,0,0
1422325456,total,6415772.00,6451196.00,12866968.00,6451196,6415772,6374.00,6450.00,12824.00,6450,6374,0.00,0.00,0,0
1422325457,s1-eth1,5289684.00,123288.00,5412972.00,123288,5289684,3498.00,1868.00,5366.00,1868,3498,0.00,0.00,0,0
1422325457,s1-eth2,123090.00,5350244.00,5473334.00,5350244,123090,1865.00,3538.00,5403.00,3538,1865,0.00,0.00,0,0
1422325457,s2-eth1,5350244.00,123090.00,5473334.00,123090,5350244,3538.00,1865.00,5403.00,1865,3538,0.00,0.00,0,0
1422325457,s2-eth2,122628.00,5412318.00,5534946.00,5412318,122628,1858.00,3579.00,5437.00,3579,1858,0.00,0.00,0,0
1422325457,s3-eth1,5412318.00,122628.00,5534946.00,122628,5412318,3579.00,1858.00,5437.00,1858,3579,0.00,0.00,0,0
1422325457,s3-eth2,123750.00,5445626.00,5569376.00,5445626,123750,1875.00,3601.00,5476.00,3601,1875,0.00,0.00,0,0
1422325457,eth0,0.00,0.00,0.00,0,0,0.00,0.00,0.00,0,0,0.00,0.00,0,0
1422325457,lo,0.00,0.00,0.00,0,0,0.00,0.00,0.00,0,0,0.00,0.00,0,0
1422325457,total,16421714.00,16577194.00,32998908.00,16577194,16421714,16213.00,16309.00,32522.00,16309,16213,0.00,0.00,0,0
1422325458,s1-eth1,6252152.00,136356.00,6388508.00,136356,6252152,4132.00,2066.00,6198.00,2066,4132,0.00,0.00,0,0
1422325458,s1-eth2,136422.00,6250638.00,6387060.00,6250638,136422,2067.00,4131.00,6198.00,4131,2067,0.00,0.00,0,0
1422325458,s2-eth1,6250638.00,136422.00,6387060.00,136422,6250638,4131.00,2067.00,6198.00,2067,4131,0.00,0.00,0,0
1422325458,s2-eth2,136422.00,6252152.00,6388574.00,6252152,136422,2067.00,4132.00,6199.00,4132,2067,0.00,0.00,0,0
1422325458,s3-eth1,6252152.00,136422.00,6388574.00,136422,6252152,4132.00,2067.00,6199.00,2067,4132,0.00,0.00,0,0
1422325458,s3-eth2,136356.00,6252152.00,6388508.00,6252152,136356,2066.00,4132.00,6198.00,4132,2066,0.00,0.00,0,0
1422325458,eth0,60.00,60.00,120.00,60,60,1.00,1.00,2.00,1,1,0.00,0.00,0,0
1422325458,lo,0.00,0.00,0.00,0,0,0.00,0.00,0.00,0,0,0.00,0.00,0,0
1422325458,total,19164202.00,19164202.00,38328404.00,19164202,19164202,18596.00,18596.00,37192.00,18596,18596,0.00,0.00,0,0
1422325459,s1-eth1,6250784.00,136558.00,6387342.00,136558,6250784,4134.00,2069.00,6203.00,2069,4134,0.00,0.00,0,0
1422325459,s1-eth2,136492.00,6252298.00,6388790.00,6252298,136492,2068.00,4135.00,6203.00,4135,2068,0.00,0.00,0,0
1422325459,s2-eth1,6252298.00,136492.00,6388790.00,136492,6252298,4135.00,2068.00,6203.00,2068,4135,0.00,0.00,0,0
1422325459,s2-eth2,136492.00,6250784.00,6387276.00,6250784,136492,2068.00,4134.00,6202.00,4134,2068,0.00,0.00,0,0
1422325459,s3-eth1,6250784.00,136492.00,6387276.00,136492,6250784,4134.00,2068.00,6202.00,2068,4134,0.00,0.00,0,0
1422325459,s3-eth2,136558.00,6250962.00,6387520.00,6250962,136558,2069.00,4135.00,6204.00,4135,2069,0.00,0.00,0,0
1422325459,eth0,0.00,0.00,0.00,0,0,0.00,0.00,0.00,0,0,0.00,0.00,0,0
1422325459,lo,1608.00,1608.00,3216.00,1608,1608,18.00,18.00,36.00,18,18,0.00,0.00,0,0
1422325459,total,19165016.00,19165194.00,38330208.00,19165194,19165016,18626.00,18627.00,37253.00,18627,18626,0.00,0.00,0,0
1422325460,s1-eth1,6251608.00,137544.00,6389152.00,137544,6251608,4136.00,2084.00,6220.00,2084,4136,0.00,0.00,0,0
1422325460,s1-eth2,137610.00,6251608.00,6389218.00,6251608,137610,2085.00,4136.00,6221.00,4136,2085,0.00,0.00,0,0
1422325460,s2-eth1,6251608.00,137610.00,6389218.00,137610,6251608,4136.00,2085.00,6221.00,2085,4136,0.00,0.00,0,0
1422325460,s2-eth2,137610.00,6251608.00,6389218.00,6251608,137610,2085.00,4136.00,6221.00,4136,2085,0.00,0.00,0,0
1422325460,s3-eth1,6251608.00,137610.00,6389218.00,137610,6251608,4136.00,2085.00,6221.00,2085,4136,0.00,0.00,0,0
1422325460,s3-eth2,137544.00,6252944.00,6390488.00,6252944,137544,2084.00,4136.00,6220.00,4136,2084,0.00,0.00,0,0
1422325460,eth0,0.00,0.00,0.00,0,0,0.00,0.00,0.00,0,0,0.00,0.00,0,0
1422325460,lo,0.00,0.00,0.00,0,0,0.00,0.00,0.00,0,0,0.00,0.00,0,0
1422325460,total,19167588.00,19168924.00,38336512.00,19168924,19167588,18662.00,18662.00,37324.00,18662,18662,0.00,0.00,0,0
1422325461,s1-eth1,6252450.00,136554.00,6389004.00,136554,6252450,4137.00,2069.00,6206.00,2069,4137,0.00,0.00,0,0
1422325461,s1-eth2,136488.00,6250936.00,6387424.00,6250936,136488,2068.00,4136.00,6204.00,4136,2068,0.00,0.00,0,0
1422325461,s2-eth1,6250936.00,136488.00,6387424.00,136488,6250936,4136.00,2068.00,6204.00,2068,4136,0.00,0.00,0,0
1422325461,s2-eth2,136488.00,6252450.00,6388938.00,6252450,136488,2068.00,4137.00,6205.00,4137,2068,0.00,0.00,0,0
1422325461,s3-eth1,6252450.00,136488.00,6388938.00,136488,6252450,4137.00,2068.00,6205.00,2068,4137,0.00,0.00,0,0
1422325461,s3-eth2,136488.00,6250936.00,6387424.00,6250936,136488,2068.00,4136.00,6204.00,4136,2068,0.00,0.00,0,0
1422325461,eth0,0.00,0.00,0.00,0,0,0.00,0.00,0.00,0,0,0.00,0.00,0,0
1422325461,lo,864.00,864.00,1728.00,864,864,9.00,9.00,18.00,9,9,0.00,0.00,0,0
1422325461,total,19166164.00,19164716.00,38330880.00,19164716,19166164,18623.00,18623.00,37246.00,18623,18623,0.00,0.00,0,0
1422325462,s1-eth1,6252126.00,136950.00,6389076.00,136950,6252126,4135.00,2075.00,6210.00,2075,4135,0.00,0.00,0,0
1422325462,s1-eth2,137016.00,6252360.00,6389376.00,6252360,137016,2076.00,4136.00,6212.00,4136,2076,0.00,0.00,0,0
1422325462,s2-eth1,6252360.00,137016.00,6389376.00,137016,6252360,4136.00,2076.00,6212.00,2076,4136,0.00,0.00,0,0
1422325462,s2-eth2,137016.00,6250846.00,6387862.00,6250846,137016,2076.00,4135.00,6211.00,4135,2076,0.00,0.00,0,0
1422325462,s3-eth1,6250846.00,137016.00,6387862.00,137016,6250846,4135.00,2076.00,6211.00,2076,4135,0.00,0.00,0,0
1422325462,s3-eth2,137016.00,6252360.00,6389376.00,6252360,137016,2076.00,4136.00,6212.00,4136,2076,0.00,0.00,0,0
1422325462,eth0,0.00,0.00,0.00,0,0,0.00,0.00,0.00,0,0,0.00,0.00,0,0
1422325462,lo,0.00,0.00,0.00,0,0,0.00,0.00,0.00,0,0,0.00,0.00,0,0
1422325462,total,19166380.00,19166548.00,38332928.00,19166548,19166380,18634.00,18634.00,37268.00,18634,18634,0.00,0.00,0,0
1422325463,s1-eth1,6250392.00,136558.00,6386950.00,136558,6250392,4134.00,2069.00,6203.00,2069,4134,0.00,0.00,0,0
1422325463,s1-eth2,136558.00,6251672.00,6388230.00,6251672,136558,2069.00,4134.00,6203.00,4134,2069,0.00,0.00,0,0
1422325463,s2-eth1,6251672.00,136558.00,6388230.00,136558,6251672,4134.00,2069.00,6203.00,2069,4134,0.00,0.00,0,0
1422325463,s2-eth2,136558.00,6251672.00,6388230.00,6251672,136558,2069.00,4134.00,6203.00,4134,2069,0.00,0.00,0,0
1422325463,s3-eth1,6251672.00,136558.00,6388230.00,136558,6251672,4134.00,2069.00,6203.00,2069,4134,0.00,0.00,0,0
1422325463,s3-eth2,136558.00,6251672.00,6388230.00,6251672,136558,2069.00,4134.00,6203.00,4134,2069,0.00,0.00,0,0
1422325463,eth0,0.00,0.00,0.00,0,0,0.00,0.00,0.00,0,0,0.00,0.00,0,0
1422325463,lo,1608.00,1608.00,3216.00,1608,1608,18.00,18.00,36.00,18,18,0.00,0.00,0,0
1422325463,total,19165018.00,19166298.00,38331316.00,19166298,19165018,18627.00,18627.00,37254.00,18627,18627,0.00,0.00,0,0
1422325464,s1-eth1,6252478.00,136356.00,6388834.00,136356,6252478,4131.00,2066.00,6197.00,2066,4131,0.00,0.00,0,0
1422325464,s1-eth2,136356.00,6250964.00,6387320.00,6250964,136356,2066.00,4130.00,6196.00,4130,2066,0.00,0.00,0,0
1422325464,s2-eth1,6250964.00,136356.00,6387320.00,136356,6250964,4130.00,2066.00,6196.00,2066,4130,0.00,0.00,0,0
1422325464,s2-eth2,136290.00,6252478.00,6388768.00,6252478,136290,2065.00,4131.00,6196.00,4131,2065,0.00,0.00,0,0
1422325464,s3-eth1,6252478.00,136290.00,6388768.00,136290,6252478,4131.00,2065.00,6196.00,2065,4131,0.00,0.00,0,0
1422325464,s3-eth2,136290.00,6250964.00,6387254.00,6250964,136290,2065.00,4130.00,6195.00,4130,2065,0.00,0.00,0,0
1422325464,eth0,0.00,0.00,0.00,0,0,0.00,0.00,0.00,0,0,0.00,0.00,0,0
1422325464,lo,0.00,0.00,0.00,0,0,0.00,0.00,0.00,0,0,0.00,0.00,0,0
1422325464,total,19164856.00,19163408.00,38328264.00,19163408,19164856,18588.00,18588.00,37176.00,18588,18588,0.00,0.00,0,0
1422325465,s1-eth1,6250494.00,136356.00,6386850.00,136356,6250494,4131.00,2066.00,6197.00,2066,4131,0.00,0.00,0,0
1422325465,s1-eth2,136356.00,6252008.00,6388364.00,6252008,136356,2066.00,4132.00,6198.00,4132,2066,0.00,0.00,0,0
1422325465,s2-eth1,6252008.00,136356.00,6388364.00,136356,6252008,4132.00,2066.00,6198.00,2066,4132,0.00,0.00,0,0
1422325465,s2-eth2,136422.00,6250494.00,6386916.00,6250494,136422,2067.00,4131.00,6198.00,4131,2067,0.00,0.00,0,0
1422325465,s3-eth1,6250494.00,136422.00,6386916.00,136422,6250494,4131.00,2067.00,6198.00,2067,4131,0.00,0.00,0,0
1422325465,s3-eth2,136422.00,6252008.00,6388430.00,6252008,136422,2067.00,4132.00,6199.00,4132,2067,0.00,0.00,0,0
1422325465,eth0,0.00,0.00,0.00,0,0,0.00,0.00,0.00,0,0,0.00,0.00,0,0
1422325465,lo,0.00,0.00,0.00,0,0,0.00,0.00,0.00,0,0,0.00,0.00,0,0
1422325465,total,19162196.00,19163644.00,38325840.00,19163644,19162196,18594.00,18594.00,37188.00,18594,18594,0.00,0.00,0,0
1422325466,s1-eth1,6252976.00,136554.00,6389530.00,136554,6252976,4136.00,2069.00,6205.00,2069,4136,0.00,0.00,0,0
1422325466,s1-eth2,136488.00,6251462.00,6387950.00,6251462,136488,2068.00,4135.00,6203.00,4135,2068,0.00,0.00,0,0
1422325466,s2-eth1,6251462.00,136488.00,6387950.00,136488,6251462,4135.00,2068.00,6203.00,2068,4135,0.00,0.00,0,0
1422325466,s2-eth2,136554.00,6252976.00,6389530.00,6252976,136554,2069.00,4136.00,6205.00,4136,2069,0.00,0.00,0,0
1422325466,s3-eth1,6252976.00,136554.00,6389530.00,136554,6252976,4136.00,2069.00,6205.00,2069,4136,0.00,0.00,0,0
1422325466,s3-eth2,136554.00,6251462.00,6388016.00,6251462,136554,2069.00,4135.00,6204.00,4135,2069,0.00,0.00,0,0
1422325466,eth0,0.00,0.00,0.00,0,0,0.00,0.00,0.00,0,0,0.00,0.00,0,0
1422325466,lo,0.00,0.00,0.00,0,0,0.00,0.00,0.00,0,0,0.00,0.00,0,0
1422325466,total,19167010.00,19165496.00,38332504.00,19165496,19167010,18613.00,18612.00,37225.00,18612,18613,0.00,0.00,0,0
1422325467,s1-eth1,6250770.00,136488.00,6387258.00,136488,6250770,4133.00,2068.00,6201.00,2068,4133,0.00,0.00,0,0
1422325467,s1-eth2,136488.00,6252284.00,6388772.00,6252284,136488,2068.00,4134.00,6202.00,4134,2068,0.00,0.00,0,0
1422325467,s2-eth1,6252284.00,136488.00,6388772.00,136488,6252284,4134.00,2068.00,6202.00,2068,4134,0.00,0.00,0,0
1422325467,s2-eth2,136422.00,6250770.00,6387192.00,6250770,136422,2067.00,4133.00,6200.00,4133,2067,0.00,0.00,0,0
1422325467,s3-eth1,6250770.00,136422.00,6387192.00,136422,6250770,4133.00,2067.00,6200.00,2067,4133,0.00,0.00,0,0
1422325467,s3-eth2,136422.00,6250770.00,6387192.00,6250770,136422,2067.00,4133.00,6200.00,4133,2067,0.00,0.00,0,0
1422325467,eth0,0.00,0.00,0.00,0,0,0.00,0.00,0.00,0,0,0.00,0.00,0,0
1422325467,lo,516.00,516.00,1032.00,516,516,9.00,9.00,18.00,9,9,0.00,0.00,0,0
1422325467,total,19163672.00,19163738.00,38327408.00,19163738,19163672,18611.00,18612.00,37223.00,18612,18611,0.00,0.00,0,0
1422325468,s1-eth1,6252106.00,136356.00,6388462.00,136356,6252106,4133.00,2066.00,6199.00,2066,4133,0.00,0.00,0,0
1422325468,s1-eth2,136422.00,6250592.00,6387014.00,6250592,136422,2067.00,4132.00,6199.00,4132,2067,0.00,0.00,0,0
1422325468,s2-eth1,6250592.00,136422.00,6387014.00,136422,6250592,4132.00,2067.00,6199.00,2067,4132,0.00,0.00,0,0
1422325468,s2-eth2,136422.00,6252106.00,6388528.00,6252106,136422,2067.00,4133.00,6200.00,4133,2067,0.00,0.00,0,0
1422325468,s3-eth1,6252106.00,136422.00,6388528.00,136422,6252106,4133.00,2067.00,6200.00,2067,4133,0.00,0.00,0,0
1422325468,s3-eth2,136422.00,6252106.00,6388528.00,6252106,136422,2067.00,4133.00,6200.00,4133,2067,0.00,0.00,0,0
1422325468,eth0,0.00,0.00,0.00,0,0,0.00,0.00,0.00,0,0,0.00,0.00,0,0
1422325468,lo,0.00,0.00,0.00,0,0,0.00,0.00,0.00,0,0,0.00,0.00,0,0
1422325468,total,19164070.00,19164004.00,38328072.00,19164004,19164070,18599.00,18598.00,37197.00,18598,18599,0.00,0.00,0,0
1422325469,s1-eth1,6252050.00,136488.00,6388538.00,136488,6252050,4133.00,2068.00,6201.00,2068,4133,0.00,0.00,0,0
1422325469,s1-eth2,136422.00,6252050.00,6388472.00,6252050,136422,2067.00,4133.00,6200.00,4133,2067,0.00,0.00,0,0
1422325469,s2-eth1,6252050.00,136422.00,6388472.00,136422,6252050,4133.00,2067.00,6200.00,2067,4133,0.00,0.00,0,0
1422325469,s2-eth2,136422.00,6250536.00,6386958.00,6250536,136422,2067.00,4132.00,6199.00,4132,2067,0.00,0.00,0,0
1422325469,s3-eth1,6250536.00,136422.00,6386958.00,136422,6250536,4132.00,2067.00,6199.00,2067,4132,0.00,0.00,0,0
1422325469,s3-eth2,136488.00,6252284.00,6388772.00,6252284,136488,2068.00,4134.00,6202.00,4134,2068,0.00,0.00,0,0
1422325469,eth0,0.00,0.00,0.00,0,0,0.00,0.00,0.00,0,0,0.00,0.00,0,0
1422325469,lo,0.00,0.00,0.00,0,0,0.00,0.00,0.00,0,0,0.00,0.00,0,0
1422325469,total,19163968.00,19164202.00,38328168.00,19164202,19163968,18600.00,18601.00,37201.00,18601,18600,0.00,0.00,0,0
1422325470,s1-eth1,6250962.00,136422.00,6387384.00,136422,6250962,4133.00,2067.00,6200.00,2067,4133,0.00,0.00,0,0
1422325470,s1-eth2,136422.00,6250962.00,6387384.00,6250962,136422,2067.00,4133.00,6200.00,4133,2067,0.00,0.00,0,0
1422325470,s2-eth1,6250962.00,136422.00,6387384.00,136422,6250962,4133.00,2067.00,6200.00,2067,4133,0.00,0.00,0,0
1422325470,s2-eth2,136422.00,6252476.00,6388898.00,6252476,136422,2067.00,4134.00,6201.00,4134,2067,0.00,0.00,0,0
1422325470,s3-eth1,6252476.00,136422.00,6388898.00,136422,6252476,4134.00,2067.00,6201.00,2067,4134,0.00,0.00,0,0
1422325470,s3-eth2,136356.00,6250728.00,6387084.00,6250728,136356,2066.00,4132.00,6198.00,4132,2066,0.00,0.00,0,0
1422325470,eth0,0.00,0.00,0.00,0,0,0.00,0.00,0.00,0,0,0.00,0.00,0,0
1422325470,lo,0.00,0.00,0.00,0,0,0.00,0.00,0.00,0,0,0.00,0.00,0,0
1422325470,total,19163600.00,19163432.00,38327032.00,19163432,19163600,18600.00,18600.00,37200.00,18600,18600,0.00,0.00,0,0
1422325471,s1-eth1,6252808.00,136488.00,6389296.00,136488,6252808,4136.00,2068.00,6204.00,2068,4136,0.00,0.00,0,0
1422325471,s1-eth2,136488.00,6252808.00,6389296.00,6252808,136488,2068.00,4136.00,6204.00,4136,2068,0.00,0.00,0,0
1422325471,s2-eth1,6252808.00,136488.00,6389296.00,136488,6252808,4136.00,2068.00,6204.00,2068,4136,0.00,0.00,0,0
1422325471,s2-eth2,136554.00,6252808.00,6389362.00,6252808,136554,2069.00,4136.00,6205.00,4136,2069,0.00,0.00,0,0
1422325471,s3-eth1,6252808.00,136554.00,6389362.00,136554,6252808,4136.00,2069.00,6205.00,2069,4136,0.00,0.00,0,0
1422325471,s3-eth2,136554.00,6252808.00,6389362.00,6252808,136554,2069.00,4136.00,6205.00,4136,2069,0.00,0.00,0,0
1422325471,eth0,0.00,0.00,0.00,0,0,0.00,0.00,0.00,0,0,0.00,0.00,0,0
1422325471,lo,0.00,0.00,0.00,0,0,0.00,0.00,0.00,0,0,0.00,0.00,0,0
1422325471,total,19168020.00,19167954.00,38335976.00,19167954,19168020,18614.00,18613.00,37227.00,18613,18614,0.00,0.00,0,0
1422325472,s1-eth1,6250602.00,136422.00,6387024.00,136422,6250602,4133.00,2067.00,6200.00,2067,4133,0.00,0.00,0,0
1422325472,s1-eth2,136488.00,6252350.00,6388838.00,6252350,136488,2068.00,4135.00,6203.00,4135,2068,0.00,0.00,0,0
1422325472,s2-eth1,6252350.00,136488.00,6388838.00,136488,6252350,4135.00,2068.00,6203.00,2068,4135,0.00,0.00,0,0
1422325472,s2-eth2,136422.00,6250836.00,6387258.00,6250836,136422,2067.00,4134.00,6201.00,4134,2067,0.00,0.00,0,0
1422325472,s3-eth1,6250836.00,136422.00,6387258.00,136422,6250836,4134.00,2067.00,6201.00,2067,4134,0.00,0.00,0,0
1422325472,s3-eth2,136422.00,6250836.00,6387258.00,6250836,136422,2067.00,4134.00,6201.00,4134,2067,0.00,0.00,0,0
1422325472,eth0,0.00,0.00,0.00,0,0,0.00,0.00,0.00,0,0,0.00,0.00,0,0
1422325472,lo,516.00,516.00,1032.00,516,516,9.00,9.00,18.00,9,9,0.00,0.00,0,0
1422325472,total,19163636.00,19163870.00,38327504.00,19163870,19163636,18613.00,18614.00,37227.00,18614,18613,0.00,0.00,0,0
1422325473,s1-eth1,6252416.00,136554.00,6388970.00,136554,6252416,4136.00,2069.00,6205.00,2069,4136,0.00,0.00,0,0
1422325473,s1-eth2,136488.00,6250668.00,6387156.00,6250668,136488,2068.00,4134.00,6202.00,4134,2068,0.00,0.00,0,0
1422325473,s2-eth1,6250668.00,136488.00,6387156.00,136488,6250668,4134.00,2068.00,6202.00,2068,4134,0.00,0.00,0,0
1422325473,s2-eth2,136554.00,6252182.00,6388736.00,6252182,136554,2069.00,4135.00,6204.00,4135,2069,0.00,0.00,0,0
1422325473,s3-eth1,6252182.00,136554.00,6388736.00,136554,6252182,4135.00,2069.00,6204.00,2069,4135,0.00,0.00,0,0
1422325473,s3-eth2,136554.00,6252182.00,6388736.00,6252182,136554,2069.00,4135.00,6204.00,4135,2069,0.00,0.00,0,0
1422325473,eth0,0.00,0.00,0.00,0,0,0.00,0.00,0.00,0,0,0.00,0.00,0,0
1422325473,lo,0.00,0.00,0.00,0,0,0.00,0.00,0.00,0,0,0.00,0.00,0,0
1422325473,total,19164862.00,19164628.00,38329488.00,19164628,19164862,18611.00,18610.00,37221.00,18610,18611,0.00,0.00,0,0
1422325474,s1-eth1,6252360.00,136488.00,6388848.00,136488,6252360,4136.00,2068.00,6204.00,2068,4136,0.00,0.00,0,0
1422325474,s1-eth2,136554.00,6252360.00,6388914.00,6252360,136554,2069.00,4136.00,6205.00,4136,2069,0.00,0.00,0,0
1422325474,s2-eth1,6252360.00,136554.00,6388914.00,136554,6252360,4136.00,2069.00,6205.00,2069,4136,0.00,0.00,0,0
1422325474,s2-eth2,136488.00,6250846.00,6387334.00,6250846,136488,2068.00,4135.00,6203.00,4135,2068,0.00,0.00,0,0
1422325474,s3-eth1,6250846.00,136488.00,6387334.00,136488,6250846,4135.00,2068.00,6203.00,2068,4135,0.00,0.00,0,0
1422325474,s3-eth2,136488.00,6252360.00,6388848.00,6252360,136488,2068.00,4136.00,6204.00,4136,2068,0.00,0.00,0,0
1422325474,eth0,0.00,0.00,0.00,0,0,0.00,0.00,0.00,0,0,0.00,0.00,0,0
1422325474,lo,0.00,0.00,0.00,0,0,0.00,0.00,0.00,0,0,0.00,0.00,0,0
1422325474,total,19165096.00,19165096.00,38330192.00,19165096,19165096,18612.00,18612.00,37224.00,18612,18612,0.00,0.00,0,0
1422325475,s1-eth1,6252106.00,136422.00,6388528.00,136422,6252106,4133.00,2067.00,6200.00,2067,4133,0.00,0.00,0,0
1422325475,s1-eth2,136422.00,6252106.00,6388528.00,6252106,136422,2067.00,4133.00,6200.00,4133,2067,0.00,0.00,0,0
1422325475,s2-eth1,6252106.00,136422.00,6388528.00,136422,6252106,4133.00,2067.00,6200.00,2067,4133,0.00,0.00,0,0
1422325475,s2-eth2,136422.00,6253620.00,6390042.00,6253620,136422,2067.00,4134.00,6201.00,4134,2067,0.00,0.00,0,0
1422325475,s3-eth1,6253620.00,136422.00,6390042.00,136422,6253620,4134.00,2067.00,6201.00,2067,4134,0.00,0.00,0,0
1422325475,s3-eth2,136356.00,6252106.00,6388462.00,6252106,136356,2066.00,4133.00,6199.00,4133,2066,0.00,0.00,0,0
1422325475,eth0,0.00,0.00,0.00,0,0,0.00,0.00,0.00,0,0,0.00,0.00,0,0
1422325475,lo,0.00,0.00,0.00,0,0,0.00,0.00,0.00,0,0,0.00,0.00,0,0
1422325475,total,19167032.00,19167098.00,38334128.00,19167098,19167032,18600.00,18601.00,37201.00,18601,18600,0.00,0.00,0,0
1422325476,s1-eth1,6251774.00,136356.00,6388130.00,136356,6251774,4131.00,2066.00,6197.00,2066,4131,0.00,0.00,0,0
1422325476,s1-eth2,136290.00,6251774.00,6388064.00,6251774,136290,2065.00,4131.00,6196.00,4131,2065,0.00,0.00,0,0
1422325476,s2-eth1,6251774.00,136290.00,6388064.00,136290,6251774,4131.00,2065.00,6196.00,2065,4131,0.00,0.00,0,0
1422325476,s2-eth2,136356.00,6251774.00,6388130.00,6251774,136356,2066.00,4131.00,6197.00,4131,2066,0.00,0.00,0,0
1422325476,s3-eth1,6251774.00,136356.00,6388130.00,136356,6251774,4131.00,2066.00,6197.00,2066,4131,0.00,0.00,0,0
1422325476,s3-eth2,136422.00,6251774.00,6388196.00,6251774,136422,2067.00,4131.00,6198.00,4131,2067,0.00,0.00,0,0
1422325476,eth0,0.00,0.00,0.00,0,0,0.00,0.00,0.00,0,0,0.00,0.00,0,0
1422325476,lo,0.00,0.00,0.00,0,0,0.00,0.00,0.00,0,0,0.00,0.00,0,0
1422325476,total,19164390.00,19164324.00,38328712.00,19164324,19164390,18591.00,18590.00,37181.00,18590,18591,0.00,0.00,0,0
1422325477,s1-eth1,6251630.00,136488.00,6388118.00,136488,6251630,4135.00,2068.00,6203.00,2068,4135,0.00,0.00,0,0
1422325477,s1-eth2,136488.00,6251864.00,6388352.00,6251864,136488,2068.00,4136.00,6204.00,4136,2068,0.00,0.00,0,0
1422325477,s2-eth1,6251864.00,136488.00,6388352.00,136488,6251864,4136.00,2068.00,6204.00,2068,4136,0.00,0.00,0,0
1422325477,s2-eth2,136488.00,6251864.00,6388352.00,6251864,136488,2068.00,4136.00,6204.00,4136,2068,0.00,0.00,0,0
1422325477,s3-eth1,6251864.00,136488.00,6388352.00,136488,6251864,4136.00,2068.00,6204.00,2068,4136,0.00,0.00,0,0
1422325477,s3-eth2,136488.00,6251864.00,6388352.00,6251864,136488,2068.00,4136.00,6204.00,4136,2068,0.00,0.00,0,0
1422325477,eth0,0.00,0.00,0.00,0,0,0.00,0.00,0.00,0,0,0.00,0.00,0,0
1422325477,lo,516.00,516.00,1032.00,516,516,9.00,9.00,18.00,9,9,0.00,0.00,0,0
1422325477,total,19165338.00,19165572.00,38330912.00,19165572,19165338,18620.00,18621.00,37241.00,18621,18620,0.00,0.00,0,0
1422325478,s1-eth1,6252360.00,136488.00,6388848.00,136488,6252360,4136.00,2068.00,6204.00,2068,4136,0.00,0.00,0,0
1422325478,s1-eth2,136554.00,6252126.00,6388680.00,6252126,136554,2069.00,4135.00,6204.00,4135,2069,0.00,0.00,0,0
1422325478,s2-eth1,6252126.00,136554.00,6388680.00,136554,6252126,4135.00,2069.00,6204.00,2069,4135,0.00,0.00,0,0
1422325478,s2-eth2,136488.00,6250612.00,6387100.00,6250612,136488,2068.00,4134.00,6202.00,4134,2068,0.00,0.00,0,0
1422325478,s3-eth1,6250612.00,136488.00,6387100.00,136488,6250612,4134.00,2068.00,6202.00,2068,4134,0.00,0.00,0,0
1422325478,s3-eth2,136488.00,6252126.00,6388614.00,6252126,136488,2068.00,4135.00,6203.00,4135,2068,0.00,0.00,0,0
1422325478,eth0,0.00,0.00,0.00,0,0,0.00,0.00,0.00,0,0,0.00,0.00,0,0
1422325478,lo,0.00,0.00,0.00,0,0,0.00,0.00,0.00,0,0,0.00,0.00,0,0
1422325478,total,19164628.00,19164394.00,38329024.00,19164394,19164628,18610.00,18609.00,37219.00,18609,18610,0.00,0.00,0,0
1422325479,s1-eth1,6250846.00,136554.00,6387400.00,136554,6250846,4135.00,2069.00,6204.00,2069,4135,0.00,0.00,0,0
1422325479,s1-eth2,136488.00,6250846.00,6387334.00,6250846,136488,2068.00,4135.00,6203.00,4135,2068,0.00,0.00,0,0
1422325479,s2-eth1,6250846.00,136488.00,6387334.00,136488,6250846,4135.00,2068.00,6203.00,2068,4135,0.00,0.00,0,0
1422325479,s2-eth2,136488.00,6252360.00,6388848.00,6252360,136488,2068.00,4136.00,6204.00,4136,2068,0.00,0.00,0,0
1422325479,s3-eth1,6252360.00,136488.00,6388848.00,136488,6252360,4136.00,2068.00,6204.00,2068,4136,0.00,0.00,0,0
1422325479,s3-eth2,136488.00,6250846.00,6387334.00,6250846,136488,2068.00,4135.00,6203.00,4135,2068,0.00,0.00,0,0
1422325479,eth0,0.00,0.00,0.00,0,0,0.00,0.00,0.00,0,0,0.00,0.00,0,0
1422325479,lo,0.00,0.00,0.00,0,0,0.00,0.00,0.00,0,0,0.00,0.00,0,0
1422325479,total,19163516.00,19163582.00,38327096.00,19163582,19163516,18610.00,18611.00,37221.00,18611,18610,0.00,0.00,0,0
1422325480,s1-eth1,6250790.00,136488.00,6387278.00,136488,6250790,4135.00,2068.00,6203.00,2068,4135,0.00,0.00,0,0
1422325480,s1-eth2,136554.00,6252304.00,6388858.00,6252304,136554,2069.00,4136.00,6205.00,4136,2069,0.00,0.00,0,0
1422325480,s2-eth1,6252304.00,136554.00,6388858.00,136554,6252304,4136.00,2069.00,6205.00,2069,4136,0.00,0.00,0,0
1422325480,s2-eth2,136554.00,6250790.00,6387344.00,6250790,136554,2069.00,4135.00,6204.00,4135,2069,0.00,0.00,0,0
1422325480,s3-eth1,6250790.00,136554.00,6387344.00,136554,6250790,4135.00,2069.00,6204.00,2069,4135,0.00,0.00,0,0
1422325480,s3-eth2,136554.00,6252304.00,6388858.00,6252304,136554,2069.00,4136.00,6205.00,4136,2069,0.00,0.00,0,0
1422325480,eth0,0.00,0.00,0.00,0,0,0.00,0.00,0.00,0,0,0.00,0.00,0,0
1422325480,lo,0.00,0.00,0.00,0,0,0.00,0.00,0.00,0,0,0.00,0.00,0,0
1422325480,total,19163546.00,19164994.00,38328540.00,19164994,19163546,18613.00,18613.00,37226.00,18613,18613,0.00,0.00,0,0
1422325481,s1-eth1,6252944.00,136488.00,6389432.00,136488,6252944,4136.00,2068.00,6204.00,2068,4136,0.00,0.00,0,0
1422325481,s1-eth2,136422.00,6251430.00,6387852.00,6251430,136422,2067.00,4135.00,6202.00,4135,2067,0.00,0.00,0,0
1422325481,s2-eth1,6251430.00,136422.00,6387852.00,136422,6251430,4135.00,2067.00,6202.00,2067,4135,0.00,0.00,0,0
1422325481,s2-eth2,136488.00,6252944.00,6389432.00,6252944,136488,2068.00,4136.00,6204.00,4136,2068,0.00,0.00,0,0
1422325481,s3-eth1,6252944.00,136488.00,6389432.00,136488,6252944,4136.00,2068.00,6204.00,2068,4136,0.00,0.00,0,0
1422325481,s3-eth2,136488.00,6251430.00,6387918.00,6251430,136488,2068.00,4135.00,6203.00,4135,2068,0.00,0.00,0,0
1422325481,eth0,0.00,0.00,0.00,0,0,0.00,0.00,0.00,0,0,0.00,0.00,0,0
1422325481,lo,0.00,0.00,0.00,0,0,0.00,0.00,0.00,0,0,0.00,0.00,0,0
1422325481,total,19166716.00,19165202.00,38331920.00,19165202,19166716,18610.00,18609.00,37219.00,18609,18610,0.00,0.00,0,0
1422325482,s1-eth1,6251306.00,136290.00,6387596.00,136290,6251306,4129.00,2065.00,6194.00,2065,4129,0.00,0.00,0,0
1422325482,s1-eth2,136290.00,6251306.00,6387596.00,6251306,136290,2065.00,4129.00,6194.00,4129,2065,0.00,0.00,0,0
1422325482,s2-eth1,6251306.00,136290.00,6387596.00,136290,6251306,4129.00,2065.00,6194.00,2065,4129,0.00,0.00,0,0
1422325482,s2-eth2,136224.00,6251306.00,6387530.00,6251306,136224,2064.00,4129.00,6193.00,4129,2064,0.00,0.00,0,0
1422325482,s3-eth1,6251306.00,136224.00,6387530.00,136224,6251306,4129.00,2064.00,6193.00,2064,4129,0.00,0.00,0,0
1422325482,s3-eth2,136224.00,6251306.00,6387530.00,6251306,136224,2064.00,4129.00,6193.00,4129,2064,0.00,0.00,0,0
1422325482,eth0,0.00,0.00,0.00,0,0,0.00,0.00,0.00,0,0,0.00,0.00,0,0
1422325482,lo,516.00,516.00,1032.00,516,516,9.00,9.00,18.00,9,9,0.00,0.00,0,0
1422325482,total,19163172.00,19163238.00,38326408.00,19163238,19163172,18589.00,18590.00,37179.00,18590,18589,0.00,0.00,0,0
1422325483,s1-eth1,6251438.00,136488.00,6387926.00,136488,6251438,4135.00,2068.00,6203.00,2068,4135,0.00,0.00,0,0
1422325483,s1-eth2,136488.00,6252952.00,6389440.00,6252952,136488,2068.00,4136.00,6204.00,4136,2068,0.00,0.00,0,0
1422325483,s2-eth1,6252952.00,136488.00,6389440.00,136488,6252952,4136.00,2068.00,6204.00,2068,4136,0.00,0.00,0,0
1422325483,s2-eth2,136488.00,6251438.00,6387926.00,6251438,136488,2068.00,4135.00,6203.00,4135,2068,0.00,0.00,0,0
1422325483,s3-eth1,6251438.00,136488.00,6387926.00,136488,6251438,4135.00,2068.00,6203.00,2068,4135,0.00,0.00,0,0
1422325483,s3-eth2,136554.00,6251438.00,6387992.00,6251438,136554,2069.00,4135.00,6204.00,4135,2069,0.00,0.00,0,0
1422325483,eth0,0.00,0.00,0.00,0,0,0.00,0.00,0.00,0,0,0.00,0.00,0,0
1422325483,lo,0.00,0.00,0.00,0,0,0.00,0.00,0.00,0,0,0.00,0.00,0,0
1422325483,total,19165358.00,19165292.00,38330648.00,19165292,19165358,18611.00,18610.00,37221.00,18610,18611,0.00,0.00,0,0
1422325484,s1-eth1,6252360.00,136488.00,6388848.00,136488,6252360,4136.00,2068.00,6204.00,2068,4136,0.00,0.00,0,0
1422325484,s1-eth2,136488.00,6250846.00,6387334.00,6250846,136488,2068.00,4135.00,6203.00,4135,2068,0.00,0.00,0,0
1422325484,s2-eth1,6250846.00,136488.00,6387334.00,136488,6250846,4135.00,2068.00,6203.00,2068,4135,0.00,0.00,0,0
1422325484,s2-eth2,136488.00,6250846.00,6387334.00,6250846,136488,2068.00,4135.00,6203.00,4135,2068,0.00,0.00,0,0
1422325484,s3-eth1,6250846.00,136488.00,6387334.00,136488,6250846,4135.00,2068.00,6203.00,2068,4135,0.00,0.00,0,0
1422325484,s3-eth2,136488.00,6252360.00,6388848.00,6252360,136488,2068.00,4136.00,6204.00,4136,2068,0.00,0.00,0,0
1422325484,eth0,0.00,0.00,0.00,0,0,0.00,0.00,0.00,0,0,0.00,0.00,0,0
1422325484,lo,0.00,0.00,0.00,0,0,0.00,0.00,0.00,0,0,0.00,0.00,0,0
1422325484,total,19163516.00,19163516.00,38327032.00,19163516,19163516,18610.00,18610.00,37220.00,18610,18610,0.00,0.00,0,0
1422325485,s1-eth1,6250846.00,136488.00,6387334.00,136488,6250846,4135.00,2068.00,6203.00,2068,4135,0.00,0.00,0,0
1422325485,s1-eth2,136488.00,6250846.00,6387334.00,6250846,136488,2068.00,4135.00,6203.00,4135,2068,0.00,0.00,0,0
1422325485,s2-eth1,6250846.00,136488.00,6387334.00,136488,6250846,4135.00,2068.00,6203.00,2068,4135,0.00,0.00,0,0
1422325485,s2-eth2,136554.00,6252360.00,6388914.00,6252360,136554,2069.00,4136.00,6205.00,4136,2069,0.00,0.00,0,0
1422325485,s3-eth1,6252360.00,136554.00,6388914.00,136554,6252360,4136.00,2069.00,6205.00,2069,4136,0.00,0.00,0,0
1422325485,s3-eth2,136488.00,6250846.00,6387334.00,6250846,136488,2068.00,4135.00,6203.00,4135,2068,0.00,0.00,0,0
1422325485,eth0,0.00,0.00,0.00,0,0,0.00,0.00,0.00,0,0,0.00,0.00,0,0
1422325485,lo,0.00,0.00,0.00,0,0,0.00,0.00,0.00,0,0,0.00,0.00,0,0
1422325485,total,19163582.00,19163582.00,38327164.00,19163582,19163582,18611.00,18611.00,37222.00,18611,18611,0.00,0.00,0,0
1422325486,s1-eth1,6252304.00,136554.00,6388858.00,136554,6252304,4136.00,2069.00,6205.00,2069,4136,0.00,0.00,0,0
1422325486,s1-eth2,136554.00,6252304.00,6388858.00,6252304,136554,2069.00,4136.00,6205.00,4136,2069,0.00,0.00,0,0
1422325486,s2-eth1,6252304.00,136554.00,6388858.00,136554,6252304,4136.00,2069.00,6205.00,2069,4136,0.00,0.00,0,0
1422325486,s2-eth2,136488.00,6250790.00,6387278.00,6250790,136488,2068.00,4135.00,6203.00,4135,2068,0.00,0.00,0,0
1422325486,s3-eth1,6250790.00,136488.00,6387278.00,136488,6250790,4135.00,2068.00,6203.00,2068,4135,0.00,0.00,0,0
1422325486,s3-eth2,136554.00,6252304.00,6388858.00,6252304,136554,2069.00,4136.00,6205.00,4136,2069,0.00,0.00,0,0
1422325486,eth0,0.00,0.00,0.00,0,0,0.00,0.00,0.00,0,0,0.00,0.00,0,0
1422325486,lo,0.00,0.00,0.00,0,0,0.00,0.00,0.00,0,0,0.00,0.00,0,0
1422325486,total,19164994.00,19164994.00,38329988.00,19164994,19164994,18613.00,18613.00,37226.00,18613,18613,0.00,0.00,0,0
1422325487,s1-eth1,6238536.00,136092.00,6374628.00,136092,6238536,4124.00,2062.00,6186.00,2062,4124,0.00,0.00,0,0
1422325487,s1-eth2,136092.00,6238536.00,6374628.00,6238536,136092,2062.00,4124.00,6186.00,4124,2062,0.00,0.00,0,0
1422325487,s2-eth1,6238536.00,136092.00,6374628.00,136092,6238536,4124.00,2062.00,6186.00,2062,4124,0.00,0.00,0,0
1422325487,s2-eth2,136158.00,6240050.00,6376208.00,6240050,136158,2063.00,4125.00,6188.00,4125,2063,0.00,0.00,0,0
1422325487,s3-eth1,6240050.00,136158.00,6376208.00,136158,6240050,4125.00,2063.00,6188.00,2063,4125,0.00,0.00,0,0
1422325487,s3-eth2,136092.00,6240050.00,6376142.00,6240050,136092,2062.00,4125.00,6187.00,4125,2062,0.00,0.00,0,0
1422325487,eth0,0.00,0.00,0.00,0,0,0.00,0.00,0.00,0,0,0.00,0.00,0,0
1422325487,lo,516.00,516.00,1032.00,516,516,9.00,9.00,18.00,9,9,0.00,0.00,0,0
1422325487,total,19125980.00,19127494.00,38253472.00,19127494,19125980,18569.00,18570.00,37139.00,18570,18569,0.00,0.00,0,0
1422325488,s1-eth1,6251306.00,136290.00,6387596.00,136290,6251306,4129.00,2065.00,6194.00,2065,4129,0.00,0.00,0,0
1422325488,s1-eth2,136290.00,6252820.00,6389110.00,6252820,136290,2065.00,4130.00,6195.00,4130,2065,0.00,0.00,0,0
1422325488,s2-eth1,6252820.00,136290.00,6389110.00,136290,6252820,4130.00,2065.00,6195.00,2065,4130,0.00,0.00,0,0
1422325488,s2-eth2,136224.00,6251306.00,6387530.00,6251306,136224,2064.00,4129.00,6193.00,4129,2064,0.00,0.00,0,0
1422325488,s3-eth1,6251306.00,136224.00,6387530.00,136224,6251306,4129.00,2064.00,6193.00,2064,4129,0.00,0.00,0,0
1422325488,s3-eth2,136290.00,6251306.00,6387596.00,6251306,136290,2065.00,4129.00,6194.00,4129,2065,0.00,0.00,0,0
1422325488,eth0,0.00,0.00,0.00,0,0,0.00,0.00,0.00,0,0,0.00,0.00,0,0
1422325488,lo,0.00,0.00,0.00,0,0,0.00,0.00,0.00,0,0,0.00,0.00,0,0
1422325488,total,19164236.00,19164236.00,38328472.00,19164236,19164236,18582.00,18582.00,37164.00,18582,18582,0.00,0.00,0,0
1422325489,s1-eth1,6251666.00,136422.00,6388088.00,136422,6251666,4133.00,2067.00,6200.00,2067,4133,0.00,0.00,0,0
1422325489,s1-eth2,136422.00,6251666.00,6388088.00,6251666,136422,2067.00,4133.00,6200.00,4133,2067,0.00,0.00,0,0
1422325489,s2-eth1,6251666.00,136422.00,6388088.00,136422,6251666,4133.00,2067.00,6200.00,2067,4133,0.00,0.00,0,0
1422325489,s2-eth2,136488.00,6251666.00,6388154.00,6251666,136488,2068.00,4133.00,6201.00,4133,2068,0.00,0.00,0,0
1422325489,s3-eth1,6251666.00,136488.00,6388154.00,136488,6251666,4133.00,2068.00,6201.00,2068,4133,0.00,0.00,0,0
1422325489,s3-eth2,136422.00,6251666.00,6388088.00,6251666,136422,2067.00,4133.00,6200.00,4133,2067,0.00,0.00,0,0
1422325489,eth0,0.00,0.00,0.00,0,0,0.00,0.00,0.00,0,0,0.00,0.00,0,0
1422325489,lo,0.00,0.00,0.00,0,0,0.00,0.00,0.00,0,0,0.00,0.00,0,0
1422325489,total,19164330.00,19164330.00,38328660.00,19164330,19164330,18601.00,18601.00,37202.00,18601,18601,0.00,0.00,0,0
1422325490,s1-eth1,6252274.00,136422.00,6388696.00,136422,6252274,4133.00,2067.00,6200.00,2067,4133,0.00,0.00,0,0
1422325490,s1-eth2,136488.00,6250994.00,6387482.00,6250994,136488,2068.00,4133.00,6201.00,4133,2068,0.00,0.00,0,0
1422325490,s2-eth1,6250994.00,136488.00,6387482.00,136488,6250994,4133.00,2068.00,6201.00,2068,4133,0.00,0.00,0,0
1422325490,s2-eth2,136422.00,6252508.00,6388930.00,6252508,136422,2067.00,4134.00,6201.00,4134,2067,0.00,0.00,0,0
1422325490,s3-eth1,6252508.00,136422.00,6388930.00,136422,6252508,4134.00,2067.00,6201.00,2067,4134,0.00,0.00,0,0
1422325490,s3-eth2,136422.00,6252508.00,6388930.00,6252508,136422,2067.00,4134.00,6201.00,4134,2067,0.00,0.00,0,0
1422325490,eth0,0.00,0.00,0.00,0,0,0.00,0.00,0.00,0,0,0.00,0.00,0,0
1422325490,lo,0.00,0.00,0.00,0,0,0.00,0.00,0.00,0,0,0.00,0.00,0,0
1422325490,total,19165108.00,19165342.00,38330448.00,19165342,19165108,18602.00,18603.00,37205.00,18603,18602,0.00,0.00,0,0
1422325491,s1-eth1,6250648.00,136488.00,6387136.00,136488,6250648,4132.00,2068.00,6200.00,2068,4132,0.00,0.00,0,0
1422325491,s1-eth2,136422.00,6251928.00,6388350.00,6251928,136422,2067.00,4132.00,6199.00,4132,2067,0.00,0.00,0,0
1422325491,s2-eth1,6251928.00,136422.00,6388350.00,136422,6251928,4132.00,2067.00,6199.00,2067,4132,0.00,0.00,0,0
1422325491,s2-eth2,136422.00,6250414.00,6386836.00,6250414,136422,2067.00,4131.00,6198.00,4131,2067,0.00,0.00,0,0
1422325491,s3-eth1,6250414.00,136422.00,6386836.00,136422,6250414,4131.00,2067.00,6198.00,2067,4131,0.00,0.00,0,0
1422325491,s3-eth2,136488.00,6251928.00,6388416.00,6251928,136488,2068.00,4132.00,6200.00,4132,2068,0.00,0.00,0,0
1422325491,eth0,0.00,0.00,0.00,0,0,0.00,0.00,0.00,0,0,0.00,0.00,0,0
1422325491,lo,0.00,0.00,0.00,0,0,0.00,0.00,0.00,0,0,0.00,0.00,0,0
1422325491,total,19162322.00,19163602.00,38325924.00,19163602,19162322,18597.00,18597.00,37194.00,18597,18597,0.00,0.00,0,0
1422325492,s1-eth1,6252476.00,136356.00,6388832.00,136356,6252476,4134.00,2066.00,6200.00,2066,4134,0.00,0.00,0,0
1422325492,s1-eth2,136422.00,6250962.00,6387384.00,6250962,136422,2067.00,4133.00,6200.00,4133,2067,0.00,0.00,0,0
1422325492,s2-eth1,6250962.00,136422.00,6387384.00,136422,6250962,4133.00,2067.00,6200.00,2067,4133,0.00,0.00,0,0
1422325492,s2-eth2,136422.00,6252476.00,6388898.00,6252476,136422,2067.00,4134.00,6201.00,4134,2067,0.00,0.00,0,0
1422325492,s3-eth1,6252476.00,136422.00,6388898.00,136422,6252476,4134.00,2067.00,6201.00,2067,4134,0.00,0.00,0,0
1422325492,s3-eth2,136356.00,6250826.00,6387182.00,6250826,136356,2066.00,4133.00,6199.00,4133,2066,0.00,0.00,0,0
1422325492,eth0,0.00,0.00,0.00,0,0,0.00,0.00,0.00,0,0,0.00,0.00,0,0
1422325492,lo,516.00,516.00,1032.00,516,516,9.00,9.00,18.00,9,9,0.00,0.00,0,0
1422325492,total,19165630.00,19163980.00,38329608.00,19163980,19165630,18610.00,18609.00,37219.00,18609,18610,0.00,0.00,0,0
1422325493,s1-eth1,6251004.00,136554.00,6387558.00,136554,6251004,4134.00,2069.00,6203.00,2069,4134,0.00,0.00,0,0
1422325493,s1-eth2,136488.00,6252518.00,6389006.00,6252518,136488,2068.00,4135.00,6203.00,4135,2068,0.00,0.00,0,0
1422325493,s2-eth1,6252518.00,136488.00,6389006.00,136488,6252518,4135.00,2068.00,6203.00,2068,4135,0.00,0.00,0,0
1422325493,s2-eth2,136488.00,6251004.00,6387492.00,6251004,136488,2068.00,4134.00,6202.00,4134,2068,0.00,0.00,0,0
1422325493,s3-eth1,6251004.00,136488.00,6387492.00,136488,6251004,4134.00,2068.00,6202.00,2068,4134,0.00,0.00,0,0
1422325493,s3-eth2,136554.00,6251140.00,6387694.00,6251140,136554,2069.00,4134.00,6203.00,4134,2069,0.00,0.00,0,0
1422325493,eth0,0.00,0.00,0.00,0,0,0.00,0.00,0.00,0,0,0.00,0.00,0,0
1422325493,lo,0.00,0.00,0.00,0,0,0.00,0.00,0.00,0,0,0.00,0.00,0,0
1422325493,total,19164056.00,19164192.00,38328248.00,19164192,19164056,18608.00,18608.00,37216.00,18608,18608,0.00,0.00,0,0
1422325494,s1-eth1,6252340.00,136422.00,6388762.00,136422,6252340,4134.00,2067.00,6201.00,2067,4134,0.00,0.00,0,0
1422325494,s1-eth2,136422.00,6250826.00,6387248.00,6250826,136422,2067.00,4133.00,6200.00,4133,2067,0.00,0.00,0,0
1422325494,s2-eth1,6250826.00,136422.00,6387248.00,136422,6250826,4133.00,2067.00,6200.00,2067,4133,0.00,0.00,0,0
1422325494,s2-eth2,136422.00,6251060.00,6387482.00,6251060,136422,2067.00,4134.00,6201.00,4134,2067,0.00,0.00,0,0
1422325494,s3-eth1,6251060.00,136422.00,6387482.00,136422,6251060,4134.00,2067.00,6201.00,2067,4134,0.00,0.00,0,0
1422325494,s3-eth2,136422.00,6252574.00,6388996.00,6252574,136422,2067.00,4135.00,6202.00,4135,2067,0.00,0.00,0,0
1422325494,eth0,0.00,0.00,0.00,0,0,0.00,0.00,0.00,0,0,0.00,0.00,0,0
1422325494,lo,0.00,0.00,0.00,0,0,0.00,0.00,0.00,0,0,0.00,0.00,0,0
1422325494,total,19163492.00,19163726.00,38327216.00,19163726,19163492,18602.00,18603.00,37205.00,18603,18602,0.00,0.00,0,0
1422325495,s1-eth1,6250770.00,136488.00,6387258.00,136488,6250770,4133.00,2068.00,6201.00,2068,4133,0.00,0.00,0,0
1422325495,s1-eth2,136488.00,6252284.00,6388772.00,6252284,136488,2068.00,4134.00,6202.00,4134,2068,0.00,0.00,0,0
1422325495,s2-eth1,6252284.00,136488.00,6388772.00,136488,6252284,4134.00,2068.00,6202.00,2068,4134,0.00,0.00,0,0
1422325495,s2-eth2,136488.00,6252050.00,6388538.00,6252050,136488,2068.00,4133.00,6201.00,4133,2068,0.00,0.00,0,0
1422325495,s3-eth1,6252050.00,136488.00,6388538.00,136488,6252050,4133.00,2068.00,6201.00,2068,4133,0.00,0.00,0,0
1422325495,s3-eth2,136488.00,6250536.00,6387024.00,6250536,136488,2068.00,4132.00,6200.00,4132,2068,0.00,0.00,0,0
1422325495,eth0,0.00,0.00,0.00,0,0,0.00,0.00,0.00,0,0,0.00,0.00,0,0
1422325495,lo,0.00,0.00,0.00,0,0,0.00,0.00,0.00,0,0,0.00,0.00,0,0
1422325495,total,19164568.00,19164334.00,38328904.00,19164334,19164568,18604.00,18603.00,37207.00,18603,18604,0.00,0.00,0,0
1422325496,s1-eth1,6252172.00,136422.00,6388594.00,136422,6252172,4134.00,2067.00,6201.00,2067,4134,0.00,0.00,0,0
1422325496,s1-eth2,136488.00,6250658.00,6387146.00,6250658,136488,2068.00,4133.00,6201.00,4133,2068,0.00,0.00,0,0
1422325496,s2-eth1,6250658.00,136488.00,6387146.00,136488,6250658,4133.00,2068.00,6201.00,2068,4133,0.00,0.00,0,0
1422325496,s2-eth2,136488.00,6252172.00,6388660.00,6252172,136488,2068.00,4134.00,6202.00,4134,2068,0.00,0.00,0,0
1422325496,s3-eth1,6252172.00,136488.00,6388660.00,136488,6252172,4134.00,2068.00,6202.00,2068,4134,0.00,0.00,0,0
1422325496,s3-eth2,136422.00,6252172.00,6388594.00,6252172,136422,2067.00,4134.00,6201.00,4134,2067,0.00,0.00,0,0
1422325496,eth0,0.00,0.00,0.00,0,0,0.00,0.00,0.00,0,0,0.00,0.00,0,0
1422325496,lo,0.00,0.00,0.00,0,0,0.00,0.00,0.00,0,0,0.00,0.00,0,0
1422325496,total,19164400.00,19164400.00,38328800.00,19164400,19164400,18604.00,18604.00,37208.00,18604,18604,0.00,0.00,0,0
1422325497,s1-eth1,6249332.00,136488.00,6385820.00,136488,6249332,4134.00,2068.00,6202.00,2068,4134,0.00,0.00,0,0
1422325497,s1-eth2,136422.00,6249332.00,6385754.00,6249332,136422,2067.00,4134.00,6201.00,4134,2067,0.00,0.00,0,0
1422325497,s2-eth1,6249332.00,136422.00,6385754.00,136422,6249332,4134.00,2067.00,6201.00,2067,4134,0.00,0.00,0,0
1422325497,s2-eth2,136422.00,6249332.00,6385754.00,6249332,136422,2067.00,4134.00,6201.00,4134,2067,0.00,0.00,0,0
1422325497,s3-eth1,6249332.00,136422.00,6385754.00,136422,6249332,4134.00,2067.00,6201.00,2067,4134,0.00,0.00,0,0
1422325497,s3-eth2,136422.00,6249332.00,6385754.00,6249332,136422,2067.00,4134.00,6201.00,4134,2067,0.00,0.00,0,0
1422325497,eth0,0.00,0.00,0.00,0,0,0.00,0.00,0.00,0,0,0.00,0.00,0,0
1422325497,lo,516.00,516.00,1032.00,516,516,9.00,9.00,18.00,9,9,0.00,0.00,0,0
1422325497,total,19157778.00,19157844.00,38315624.00,19157844,19157778,18612.00,18613.00,37225.00,18613,18612,0.00,0.00,0,0
1422325498,s1-eth1,6251430.00,136488.00,6387918.00,136488,6251430,4135.00,2068.00,6203.00,2068,4135,0.00,0.00,0,0
1422325498,s1-eth2,136488.00,6251430.00,6387918.00,6251430,136488,2068.00,4135.00,6203.00,4135,2068,0.00,0.00,0,0
1422325498,s2-eth1,6251430.00,136488.00,6387918.00,136488,6251430,4135.00,2068.00,6203.00,2068,4135,0.00,0.00,0,0
1422325498,s2-eth2,136488.00,6251430.00,6387918.00,6251430,136488,2068.00,4135.00,6203.00,4135,2068,0.00,0.00,0,0
1422325498,s3-eth1,6251430.00,136488.00,6387918.00,136488,6251430,4135.00,2068.00,6203.00,2068,4135,0.00,0.00,0,0
1422325498,s3-eth2,136488.00,6251664.00,6388152.00,6251664,136488,2068.00,4136.00,6204.00,4136,2068,0.00,0.00,0,0
1422325498,eth0,0.00,0.00,0.00,0,0,0.00,0.00,0.00,0,0,0.00,0.00,0,0
1422325498,lo,0.00,0.00,0.00,0,0,0.00,0.00,0.00,0,0,0.00,0.00,0,0
1422325498,total,19163754.00,19163988.00,38327744.00,19163988,19163754,18609.00,18610.00,37219.00,18610,18609,0.00,0.00,0,0
1422325499,s1-eth1,6251424.00,136356.00,6387780.00,136356,6251424,4132.00,2066.00,6198.00,2066,4132,0.00,0.00,0,0
1422325499,s1-eth2,136356.00,6252938.00,6389294.00,6252938,136356,2066.00,4133.00,6199.00,4133,2066,0.00,0.00,0,0
1422325499,s2-eth1,6252938.00,136356.00,6389294.00,136356,6252938,4133.00,2066.00,6199.00,2066,4133,0.00,0.00,0,0
1422325499,s2-eth2,136422.00,6252938.00,6389360.00,6252938,136422,2067.00,4133.00,6200.00,4133,2067,0.00,0.00,0,0
1422325499,s3-eth1,6252938.00,136422.00,6389360.00,136422,6252938,4133.00,2067.00,6200.00,2067,4133,0.00,0.00,0,0
1422325499,s3-eth2,136422.00,6252704.00,6389126.00,6252704,136422,2067.00,4132.00,6199.00,4132,2067,0.00,0.00,0,0
1422325499,eth0,0.00,0.00,0.00,0,0,0.00,0.00,0.00,0,0,0.00,0.00,0,0
1422325499,lo,0.00,0.00,0.00,0,0,0.00,0.00,0.00,0,0,0.00,0.00,0,0
1422325499,total,19166500.00,19167714.00,38334216.00,19167714,19166500,18598.00,18597.00,37195.00,18597,18598,0.00,0.00,0,0
1422325500,s1-eth1,6228498.00,135960.00,6364458.00,135960,6228498,4117.00,2060.00,6177.00,2060,4117,0.00,0.00,0,0
1422325500,s1-eth2,135960.00,6228732.00,6364692.00,6228732,135960,2060.00,4118.00,6178.00,4118,2060,0.00,0.00,0,0
1422325500,s2-eth1,6228732.00,135960.00,6364692.00,135960,6228732,4118.00,2060.00,6178.00,2060,4118,0.00,0.00,0,0
1422325500,s2-eth2,135894.00,6230246.00,6366140.00,6230246,135894,2059.00,4119.00,6178.00,4119,2059,0.00,0.00,0,0
1422325500,s3-eth1,6230246.00,135894.00,6366140.00,135894,6230246,4119.00,2059.00,6178.00,2059,4119,0.00,0.00,0,0
1422325500,s3-eth2,135960.00,6234788.00,6370748.00,6234788,135960,2060.00,4122.00,6182.00,4122,2060,0.00,0.00,0,0
1422325500,eth0,0.00,0.00,0.00,0,0,0.00,0.00,0.00,0,0,0.00,0.00,0,0
1422325500,lo,0.00,0.00,0.00,0,0,0.00,0.00,0.00,0,0,0.00,0.00,0,0
1422325500,total,19095290.00,19101580.00,38196872.00,19101580,19095290,18533.00,18538.00,37071.00,18538,18533,0.00,0.00,0,0
1422325501,s1-eth1,6252360.00,136488.00,6388848.00,136488,6252360,4136.00,2068.00,6204.00,2068,4136,0.00,0.00,0,0
1422325501,s1-eth2,136488.00,6250612.00,6387100.00,6250612,136488,2068.00,4134.00,6202.00,4134,2068,0.00,0.00,0,0
1422325501,s2-eth1,6250612.00,136488.00,6387100.00,136488,6250612,4134.00,2068.00,6202.00,2068,4134,0.00,0.00,0,0
1422325501,s2-eth2,136554.00,6252126.00,6388680.00,6252126,136554,2069.00,4135.00,6204.00,4135,2069,0.00,0.00,0,0
1422325501,s3-eth1,6252126.00,136554.00,6388680.00,136554,6252126,4135.00,2069.00,6204.00,2069,4135,0.00,0.00,0,0
1422325501,s3-eth2,136488.00,6252126.00,6388614.00,6252126,136488,2068.00,4135.00,6203.00,4135,2068,0.00,0.00,0,0
1422325501,eth0,0.00,434.00,434.00,434,0,0.00,2.00,2.00,2,0,0.00,0.00,0,0
1422325501,lo,0.00,0.00,0.00,0,0,0.00,0.00,0.00,0,0,0.00,0.00,0,0
1422325501,total,19164628.00,19164828.00,38329456.00,19164828,19164628,18610.00,18611.00,37221.00,18611,18610,0.00,0.00,0,0
1422325502,s1-eth1,6250846.00,136488.00,6387334.00,136488,6250846,4135.00,2068.00,6203.00,2068,4135,0.00,0.00,0,0
1422325502,s1-eth2,136488.00,6252360.00,6388848.00,6252360,136488,2068.00,4136.00,6204.00,4136,2068,0.00,0.00,0,0
1422325502,s2-eth1,6252360.00,136488.00,6388848.00,136488,6252360,4136.00,2068.00,6204.00,2068,4136,0.00,0.00,0,0
1422325502,s2-eth2,136488.00,6250846.00,6387334.00,6250846,136488,2068.00,4135.00,6203.00,4135,2068,0.00,0.00,0,0
1422325502,s3-eth1,6250846.00,136488.00,6387334.00,136488,6250846,4135.00,2068.00,6203.00,2068,4135,0.00,0.00,0,0
1422325502,s3-eth2,136488.00,6251024.00,6387512.00,6251024,136488,2068.00,4136.00,6204.00,4136,2068,0.00,0.00,0,0
1422325502,eth0,0.00,710.00,710.00,710,0,0.00,5.00,5.00,5,0,0.00,0.00,0,0
1422325502,lo,516.00,516.00,1032.00,516,516,9.00,9.00,18.00,9,9,0.00,0.00,0,0
1422325502,total,19164032.00,19164920.00,38328952.00,19164920,19164032,18619.00,18625.00,37244.00,18625,18619,0.00,0.00,0,0
1422325503,s1-eth1,6251608.00,136554.00,6388162.00,136554,6251608,4136.00,2069.00,6205.00,2069,4136,0.00,0.00,0,0
1422325503,s1-eth2,136554.00,6251608.00,6388162.00,6251608,136554,2069.00,4136.00,6205.00,4136,2069,0.00,0.00,0,0
1422325503,s2-eth1,6251608.00,136554.00,6388162.00,136554,6251608,4136.00,2069.00,6205.00,2069,4136,0.00,0.00,0,0
1422325503,s2-eth2,136488.00,6251608.00,6388096.00,6251608,136488,2068.00,4136.00,6204.00,4136,2068,0.00,0.00,0,0
1422325503,s3-eth1,6251608.00,136488.00,6388096.00,136488,6251608,4136.00,2068.00,6204.00,2068,4136,0.00,0.00,0,0
1422325503,s3-eth2,136488.00,6251430.00,6387918.00,6251430,136488,2068.00,4135.00,6203.00,4135,2068,0.00,0.00,0,0
1422325503,eth0,0.00,644.00,644.00,644,0,0.00,7.00,7.00,7,0,0.00,0.00,0,0
1422325503,lo,0.00,0.00,0.00,0,0,0.00,0.00,0.00,0,0,0.00,0.00,0,0
1422325503,total,19164354.00,19164886.00,38329240.00,19164886,19164354,18613.00,18620.00,37233.00,18620,18613,0.00,0.00,0,0
1422325504,s1-eth1,6252360.00,136530.00,6388890.00,136530,6252360,4136.00,2069.00,6205.00,2069,4136,0.00,0.00,0,0
1422325504,s1-eth2,136530.00,6250846.00,6387376.00,6250846,136530,2069.00,4135.00,6204.00,4135,2069,0.00,0.00,0,0
1422325504,s2-eth1,6250846.00,136530.00,6387376.00,136530,6250846,4135.00,2069.00,6204.00,2069,4135,0.00,0.00,0,0
1422325504,s2-eth2,136488.00,6252360.00,6388848.00,6252360,136488,2068.00,4136.00,6204.00,4136,2068,0.00,0.00,0,0
1422325504,s3-eth1,6252360.00,136488.00,6388848.00,136488,6252360,4136.00,2068.00,6204.00,2068,4136,0.00,0.00,0,0
1422325504,s3-eth2,136488.00,6252360.00,6388848.00,6252360,136488,2068.00,4136.00,6204.00,4136,2068,0.00,0.00,0,0
1422325504,eth0,0.00,0.00,0.00,0,0,0.00,0.00,0.00,0,0,0.00,0.00,0,0
1422325504,lo,592.00,592.00,1184.00,592,592,6.00,6.00,12.00,6,6,0.00,0.00,0,0
1422325504,total,19165664.00,19165706.00,38331368.00,19165706,19165664,18618.00,18619.00,37237.00,18619,18618,0.00,0.00,0,0
1422325505,s1-eth1,6250832.00,136554.00,6387386.00,136554,6250832,4136.00,2069.00,6205.00,2069,4136,0.00,0.00,0,0
1422325505,s1-eth2,136554.00,6252346.00,6388900.00,6252346,136554,2069.00,4137.00,6206.00,4137,2069,0.00,0.00,0,0
1422325505,s2-eth1,6252346.00,136554.00,6388900.00,136554,6252346,4137.00,2069.00,6206.00,2069,4137,0.00,0.00,0,0
1422325505,s2-eth2,136596.00,6250832.00,6387428.00,6250832,136596,2070.00,4136.00,6206.00,4136,2070,0.00,0.00,0,0
1422325505,s3-eth1,6250832.00,136596.00,6387428.00,136596,6250832,4136.00,2070.00,6206.00,2070,4136,0.00,0.00,0,0
1422325505,s3-eth2,136596.00,6250832.00,6387428.00,6250832,136596,2070.00,4136.00,6206.00,4136,2070,0.00,0.00,0,0
1422325505,eth0,0.00,0.00,0.00,0,0,0.00,0.00,0.00,0,0,0.00,0.00,0,0
1422325505,lo,296.00,296.00,592.00,296,296,3.00,3.00,6.00,3,3,0.00,0.00,0,0
1422325505,total,19164052.00,19164010.00,38328064.00,19164010,19164052,18621.00,18620.00,37241.00,18620,18621,0.00,0.00,0,0
1422325506,s1-eth1,6250846.00,136488.00,6387334.00,136488,6250846,4135.00,2068.00,6203.00,2068,4135,0.00,0.00,0,0
1422325506,s1-eth2,136488.00,6250846.00,6387334.00,6250846,136488,2068.00,4135.00,6203.00,4135,2068,0.00,0.00,0,0
1422325506,s2-eth1,6250846.00,136488.00,6387334.00,136488,6250846,4135.00,2068.00,6203.00,2068,4135,0.00,0.00,0,0
1422325506,s2-eth2,136488.00,6250846.00,6387334.00,6250846,136488,2068.00,4135.00,6203.00,4135,2068,0.00,0.00,0,0
1422325506,s3-eth1,6250846.00,136488.00,6387334.00,136488,6250846,4135.00,2068.00,6203.00,2068,4135,0.00,0.00,0,0
1422325506,s3-eth2,136488.00,6252360.00,6388848.00,6252360,136488,2068.00,4136.00,6204.00,4136,2068,0.00,0.00,0,0
1422325506,eth0,0.00,0.00,0.00,0,0,0.00,0.00,0.00,0,0,0.00,0.00,0,0
1422325506,lo,0.00,0.00,0.00,0,0,0.00,0.00,0.00,0,0,0.00,0.00,0,0
1422325506,total,19162002.00,19163516.00,38325520.00,19163516,19162002,18609.00,18610.00,37219.00,18610,18609,0.00,0.00,0,0
1422325507,s1-eth1,6252126.00,136818.00,6388944.00,136818,6252126,4135.00,2073.00,6208.00,2073,4135,0.00,0.00,0,0
1422325507,s1-eth2,136818.00,6250612.00,6387430.00,6250612,136818,2073.00,4134.00,6207.00,4134,2073,0.00,0.00,0,0
1422325507,s2-eth1,6250612.00,136818.00,6387430.00,136818,6250612,4134.00,2073.00,6207.00,2073,4134,0.00,0.00,0,0
1422325507,s2-eth2,136818.00,6252360.00,6389178.00,6252360,136818,2073.00,4136.00,6209.00,4136,2073,0.00,0.00,0,0
1422325507,s3-eth1,6252360.00,136818.00,6389178.00,136818,6252360,4136.00,2073.00,6209.00,2073,4136,0.00,0.00,0,0
1422325507,s3-eth2,136818.00,6250846.00,6387664.00,6250846,136818,2073.00,4135.00,6208.00,4135,2073,0.00,0.00,0,0
1422325507,eth0,0.00,0.00,0.00,0,0,0.00,0.00,0.00,0,0,0.00,0.00,0,0
1422325507,lo,0.00,0.00,0.00,0,0,0.00,0.00,0.00,0,0,0.00,0.00,0,0
1422325507,total,19165552.00,19164272.00,38329824.00,19164272,19165552,18624.00,18624.00,37248.00,18624,18624,0.00,0.00,0,0
1422325508,s1-eth1,6251664.00,136488.00,6388152.00,136488,6251664,4136.00,2068.00,6204.00,2068,4136,0.00,0.00,0,0
1422325508,s1-eth2,136554.00,6251664.00,6388218.00,6251664,136554,2069.00,4136.00,6205.00,4136,2069,0.00,0.00,0,0
1422325508,s2-eth1,6251664.00,136554.00,6388218.00,136554,6251664,4136.00,2069.00,6205.00,2069,4136,0.00,0.00,0,0
1422325508,s2-eth2,136554.00,6251430.00,6387984.00,6251430,136554,2069.00,4135.00,6204.00,4135,2069,0.00,0.00,0,0
1422325508,s3-eth1,6251430.00,136554.00,6387984.00,136554,6251430,4135.00,2069.00,6204.00,2069,4135,0.00,0.00,0,0
1422325508,s3-eth2,136554.00,6251430.00,6387984.00,6251430,136554,2069.00,4135.00,6204.00,4135,2069,0.00,0.00,0,0
1422325508,eth0,0.00,0.00,0.00,0,0,0.00,0.00,0.00,0,0,0.00,0.00,0,0
1422325508,lo,0.00,0.00,0.00,0,0,0.00,0.00,0.00,0,0,0.00,0.00,0,0
1422325508,total,19164420.00,19164120.00,38328540.00,19164120,19164420,18614.00,18612.00,37226.00,18612,18614,0.00,0.00,0,0
1422325509,s1-eth1,6252040.00,136422.00,6388462.00,136422,6252040,4132.00,2067.00,6199.00,2067,4132,0.00,0.00,0,0
1422325509,s1-eth2,136422.00,6252040.00,6388462.00,6252040,136422,2067.00,4132.00,6199.00,4132,2067,0.00,0.00,0,0
1422325509,s2-eth1,6252040.00,136422.00,6388462.00,136422,6252040,4132.00,2067.00,6199.00,2067,4132,0.00,0.00,0,0
1422325509,s2-eth2,136422.00,6250704.00,6387126.00,6250704,136422,2067.00,4132.00,6199.00,4132,2067,0.00,0.00,0,0
1422325509,s3-eth1,6250704.00,136422.00,6387126.00,136422,6250704,4132.00,2067.00,6199.00,2067,4132,0.00,0.00,0,0
1422325509,s3-eth2,136422.00,6252218.00,6388640.00,6252218,136422,2067.00,4133.00,6200.00,4133,2067,0.00,0.00,0,0
1422325509,eth0,0.00,0.00,0.00,0,0,0.00,0.00,0.00,0,0,0.00,0.00,0,0
1422325509,lo,516.00,516.00,1032.00,516,516,9.00,9.00,18.00,9,9,0.00,0.00,0,0
1422325509,total,19164566.00,19164744.00,38329312.00,19164744,19164566,18606.00,18607.00,37213.00,18607,18606,0.00,0.00,0,0
1422325510,s1-eth1,6251608.00,136554.00,6388162.00,136554,6251608,4136.00,2069.00,6205.00,2069,4136,0.00,0.00,0,0
1422325510,s1-eth2,136488.00,6251608.00,6388096.00,6251608,136488,2068.00,4136.00,6204.00,4136,2068,0.00,0.00,0,0
1422325510,s2-eth1,6251608.00,136488.00,6388096.00,136488,6251608,4136.00,2068.00,6204.00,2068,4136,0.00,0.00,0,0
1422325510,s2-eth2,136554.00,6252944.00,6389498.00,6252944,136554,2069.00,4136.00,6205.00,4136,2069,0.00,0.00,0,0
1422325510,s3-eth1,6252944.00,136554.00,6389498.00,136554,6252944,4136.00,2069.00,6205.00,2069,4136,0.00,0.00,0,0
1422325510,s3-eth2,136554.00,6251430.00,6387984.00,6251430,136554,2069.00,4135.00,6204.00,4135,2069,0.00,0.00,0,0
1422325510,eth0,0.00,0.00,0.00,0,0,0.00,0.00,0.00,0,0,0.00,0.00,0,0
1422325510,lo,0.00,0.00,0.00,0,0,0.00,0.00,0.00,0,0,0.00,0.00,0,0
1422325510,total,19165756.00,19165578.00,38331336.00,19165578,19165756,18614.00,18613.00,37227.00,18613,18614,0.00,0.00,0,0
1422325511,s1-eth1,6251664.00,135960.00,6387624.00,135960,6251664,4136.00,2060.00,6196.00,2060,4136,0.00,0.00,0,0
1422325511,s1-eth2,135960.00,6251664.00,6387624.00,6251664,135960,2060.00,4136.00,6196.00,4136,2060,0.00,0.00,0,0
1422325511,s2-eth1,6251664.00,135960.00,6387624.00,135960,6251664,4136.00,2060.00,6196.00,2060,4136,0.00,0.00,0,0
1422325511,s2-eth2,136356.00,6251664.00,6388020.00,6251664,136356,2066.00,4136.00,6202.00,4136,2066,0.00,0.00,0,0
1422325511,s3-eth1,6251664.00,136356.00,6388020.00,136356,6251664,4136.00,2066.00,6202.00,2066,4136,0.00,0.00,0,0
1422325511,s3-eth2,136422.00,6251664.00,6388086.00,6251664,136422,2067.00,4136.00,6203.00,4136,2067,0.00,0.00,0,0
1422325511,eth0,0.00,0.00,0.00,0,0,0.00,0.00,0.00,0,0,0.00,0.00,0,0
1422325511,lo,0.00,0.00,0.00,0,0,0.00,0.00,0.00,0,0,0.00,0.00,0,0
1422325511,total,19163730.00,19163268.00,38327000.00,19163268,19163730,18601.00,18594.00,37195.00,18594,18601,0.00,0.00,0,0
1422325512,s1-eth1,6252304.00,136554.00,6388858.00,136554,6252304,4136.00,2069.00,6205.00,2069,4136,0.00,0.00,0,0
1422325512,s1-eth2,136554.00,6252304.00,6388858.00,6252304,136554,2069.00,4136.00,6205.00,4136,2069,0.00,0.00,0,0
1422325512,s2-eth1,6252304.00,136554.00,6388858.00,136554,6252304,4136.00,2069.00,6205.00,2069,4136,0.00,0.00,0,0
1422325512,s2-eth2,136092.00,6252304.00,6388396.00,6252304,136092,2062.00,4136.00,6198.00,4136,2062,0.00,0.00,0,0
1422325512,s3-eth1,6252304.00,136092.00,6388396.00,136092,6252304,4136.00,2062.00,6198.00,2062,4136,0.00,0.00,0,0
1422325512,s3-eth2,136026.00,6252304.00,6388330.00,6252304,136026,2061.00,4136.00,6197.00,4136,2061,0.00,0.00,0,0
1422325512,eth0,0.00,0.00,0.00,0,0,0.00,0.00,0.00,0,0,0.00,0.00,0,0
1422325512,lo,0.00,0.00,0.00,0,0,0.00,0.00,0.00,0,0,0.00,0.00,0,0
1422325512,total,19165584.00,19166112.00,38331696.00,19166112,19165584,18600.00,18608.00,37208.00,18608,18600,0.00,0.00,0,0
1422325513,s1-eth1,6251608.00,136488.00,6388096.00,136488,6251608,4136.00,2068.00,6204.00,2068,4136,0.00,0.00,0,0
1422325513,s1-eth2,136488.00,6251608.00,6388096.00,6251608,136488,2068.00,4136.00,6204.00,4136,2068,0.00,0.00,0,0
1422325513,s2-eth1,6251608.00,136488.00,6388096.00,136488,6251608,4136.00,2068.00,6204.00,2068,4136,0.00,0.00,0,0
1422325513,s2-eth2,136554.00,6251608.00,6388162.00,6251608,136554,2069.00,4136.00,6205.00,4136,2069,0.00,0.00,0,0
1422325513,s3-eth1,6251608.00,136554.00,6388162.00,136554,6251608,4136.00,2069.00,6205.00,2069,4136,0.00,0.00,0,0
1422325513,s3-eth2,136554.00,6251608.00,6388162.00,6251608,136554,2069.00,4136.00,6205.00,4136,2069,0.00,0.00,0,0
1422325513,eth0,0.00,0.00,0.00,0,0,0.00,0.00,0.00,0,0,0.00,0.00,0,0
1422325513,lo,0.00,0.00,0.00,0,0,0.00,0.00,0.00,0,0,0.00,0.00,0,0
1422325513,total,19164420.00,19164354.00,38328776.00,19164354,19164420,18614.00,18613.00,37227.00,18613,18614,0.00,0.00,0,0
1422325514,s1-eth1,6251430.00,136488.00,6387918.00,136488,6251430,4135.00,2068.00,6203.00,2068,4135,0.00,0.00,0,0
1422325514,s1-eth2,136488.00,6251430.00,6387918.00,6251430,136488,2068.00,4135.00,6203.00,4135,2068,0.00,0.00,0,0
1422325514,s2-eth1,6251430.00,136488.00,6387918.00,136488,6251430,4135.00,2068.00,6203.00,2068,4135,0.00,0.00,0,0
1422325514,s2-eth2,136488.00,6251430.00,6387918.00,6251430,136488,2068.00,4135.00,6203.00,4135,2068,0.00,0.00,0,0
1422325514,s3-eth1,6251430.00,136488.00,6387918.00,136488,6251430,4135.00,2068.00,6203.00,2068,4135,0.00,0.00,0,0
1422325514,s3-eth2,136488.00,6251430.00,6387918.00,6251430,136488,2068.00,4135.00,6203.00,4135,2068,0.00,0.00,0,0
1422325514,eth0,0.00,0.00,0.00,0,0,0.00,0.00,0.00,0,0,0.00,0.00,0,0
1422325514,lo,516.00,516.00,1032.00,516,516,9.00,9.00,18.00,9,9,0.00,0.00,0,0
1422325514,total,19164270.00,19164270.00,38328540.00,19164270,19164270,18618.00,18618.00,37236.00,18618,18618,0.00,0.00,0,0
1422325515,s1-eth1,2001580.00,45144.00,2046724.00,45144,2001580,1326.00,684.00,2010.00,684,1326,0.00,0.00,0,0
1422325515,s1-eth2,46530.00,1939506.00,1986036.00,1939506,46530,705.00,1285.00,1990.00,1285,705,0.00,0.00,0,0
1422325515,s2-eth1,1939506.00,46530.00,1986036.00,46530,1939506,1285.00,705.00,1990.00,705,1285,0.00,0.00,0,0
1422325515,s2-eth2,47850.00,1872890.00,1920740.00,1872890,47850,725.00,1241.00,1966.00,1241,725,0.00,0.00,0,0
1422325515,s3-eth1,1872890.00,47850.00,1920740.00,47850,1872890,1241.00,725.00,1966.00,725,1241,0.00,0.00,0,0
1422325515,s3-eth2,49236.00,1804760.00,1853996.00,1804760,49236,746.00,1196.00,1942.00,1196,746,0.00,0.00,0,0
1422325515,eth0,0.00,0.00,0.00,0,0,0.00,0.00,0.00,0,0,0.00,0.00,0,0
1422325515,lo,0.00,0.00,0.00,0,0,0.00,0.00,0.00,0,0,0.00,0.00,0,0
1422325515,total,5957592.00,5756680.00,11714272.00,5756680,5957592,6028.00,5836.00,11864.00,5836,6028,0.00,0.00,0,0
1422325516,s1-eth1,0.00,0.00,0.00,0,0,0.00,0.00,0.00,0,0,0.00,0.00,0,0
1422325516,s1-eth2,0.00,0.00,0.00,0,0,0.00,0.00,0.00,0,0,0.00,0.00,0,0
1422325516,s2-eth1,0.00,0.00,0.00,0,0,0.00,0.00,0.00,0,0,0.00,0.00,0,0
1422325516,s2-eth2,0.00,0.00,0.00,0,0,0.00,0.00,0.00,0,0,0.00,0.00,0,0
1422325516,s3-eth1,0.00,0.00,0.00,0,0,0.00,0.00,0.00,0,0,0.00,0.00,0,0
1422325516,s3-eth2,0.00,0.00,0.00,0,0,0.00,0.00,0.00,0,0,0.00,0.00,0,0
1422325516,eth0,0.00,0.00,0.00,0,0,0.00,0.00,0.00,0,0,0.00,0.00,0,0
1422325516,lo,0.00,0.00,0.00,0,0,0.00,0.00,0.00,0,0,0.00,0.00,0,0
1422325516,total,0.00,0.00,0.00,0,0,0.00,0.00,0.00,0,0,0.00,0.00,0,0
1422325517,s1-eth1,0.00,0.00,0.00,0,0,0.00,0.00,0.00,0,0,0.00,0.00,0,0
1422325517,s1-eth2,0.00,0.00,0.00,0,0,0.00,0.00,0.00,0,0,0.00,0.00,0,0
1422325517,s2-eth1,0.00,0.00,0.00,0,0,0.00,0.00,0.00,0,0,0.00,0.00,0,0
1422325517,s2-eth2,0.00,0.00,0.00,0,0,0.00,0.00,0.00,0,0,0.00,0.00,0,0
1422325517,s3-eth1,0.00,0.00,0.00,0,0,0.00,0.00,0.00,0,0,0.00,0.00,0,0
1422325517,s3-eth2,0.00,0.00,0.00,0,0,0.00,0.00,0.00,0,0,0.00,0.00,0,0
1422325517,eth0,0.00,0.00,0.00,0,0,0.00,0.00,0.00,0,0,0.00,0.00,0,0
1422325517,lo,0.00,0.00,0.00,0,0,0.00,0.00,0.00,0,0,0.00,0.00,0,0
1422325517,total,0.00,0.00,0.00,0,0,0.00,0.00,0.00,0,0,0.00,0.00,0,0
1422325518,s1-eth1,0.00,0.00,0.00,0,0,0.00,0.00,0.00,0,0,0.00,0.00,0,0
1422325518,s1-eth2,0.00,0.00,0.00,0,0,0.00,0.00,0.00,0,0,0.00,0.00,0,0
1422325518,s2-eth1,0.00,0.00,0.00,0,0,0.00,0.00,0.00,0,0,0.00,0.00,0,0
1422325518,s2-eth2,0.00,0.00,0.00,0,0,0.00,0.00,0.00,0,0,0.00,0.00,0,0
1422325518,s3-eth1,0.00,0.00,0.00,0,0,0.00,0.00,0.00,0,0,0.00,0.00,0,0
1422325518,s3-eth2,0.00,0.00,0.00,0,0,0.00,0.00,0.00,0,0,0.00,0.00,0,0
1422325518,eth0,0.00,0.00,0.00,0,0,0.00,0.00,0.00,0,0,0.00,0.00,0,0
1422325518,lo,0.00,0.00,0.00,0,0,0.00,0.00,0.00,0,0,0.00,0.00,0,0
1422325518,total,0.00,0.00,0.00,0,0,0.00,0.00,0.00,0,0,0.00,0.00,0,0
1422325519,s1-eth1,0.00,0.00,0.00,0,0,0.00,0.00,0.00,0,0,0.00,0.00,0,0
1422325519,s1-eth2,0.00,0.00,0.00,0,0,0.00,0.00,0.00,0,0,0.00,0.00,0,0
1422325519,s2-eth1,0.00,0.00,0.00,0,0,0.00,0.00,0.00,0,0,0.00,0.00,0,0
1422325519,s2-eth2,0.00,0.00,0.00,0,0,0.00,0.00,0.00,0,0,0.00,0.00,0,0
1422325519,s3-eth1,0.00,0.00,0.00,0,0,0.00,0.00,0.00,0,0,0.00,0.00,0,0
1422325519,s3-eth2,0.00,0.00,0.00,0,0,0.00,0.00,0.00,0,0,0.00,0.00,0,0
1422325519,eth0,0.00,0.00,0.00,0,0,0.00,0.00,0.00,0,0,0.00,0.00,0,0
1422325519,lo,516.00,516.00,1032.00,516,516,9.00,9.00,18.00,9,9,0.00,0.00,0,0
1422325519,total,516.00,516.00,1032.00,516,516,9.00,9.00,18.00,9,9,0.00,0.00,0,0
1422325520,s1-eth1,0.00,0.00,0.00,0,0,0.00,0.00,0.00,0,0,0.00,0.00,0,0
1422325520,s1-eth2,0.00,0.00,0.00,0,0,0.00,0.00,0.00,0,0,0.00,0.00,0,0
1422325520,s2-eth1,0.00,0.00,0.00,0,0,0.00,0.00,0.00,0,0,0.00,0.00,0,0
1422325520,s2-eth2,0.00,0.00,0.00,0,0,0.00,0.00,0.00,0,0,0.00,0.00,0,0
1422325520,s3-eth1,0.00,0.00,0.00,0,0,0.00,0.00,0.00,0,0,0.00,0.00,0,0
1422325520,s3-eth2,0.00,0.00,0.00,0,0,0.00,0.00,0.00,0,0,0.00,0.00,0,0
1422325520,eth0,0.00,0.00,0.00,0,0,0.00,0.00,0.00,0,0,0.00,0.00,0,0
1422325520,lo,0.00,0.00,0.00,0,0,0.00,0.00,0.00,0,0,0.00,0.00,0,0
1422325520,total,0.00,0.00,0.00,0,0,0.00,0.00,0.00,0,0,0.00,0.00,0,0
1422325521,s1-eth1,0.00,0.00,0.00,0,0,0.00,0.00,0.00,0,0,0.00,0.00,0,0
1422325521,s1-eth2,0.00,0.00,0.00,0,0,0.00,0.00,0.00,0,0,0.00,0.00,0,0
1422325521,s2-eth1,0.00,0.00,0.00,0,0,0.00,0.00,0.00,0,0,0.00,0.00,0,0
1422325521,s2-eth2,0.00,0.00,0.00,0,0,0.00,0.00,0.00,0,0,0.00,0.00,0,0
1422325521,s3-eth1,0.00,0.00,0.00,0,0,0.00,0.00,0.00,0,0,0.00,0.00,0,0
1422325521,s3-eth2,0.00,0.00,0.00,0,0,0.00,0.00,0.00,0,0,0.00,0.00,0,0
1422325521,eth0,0.00,0.00,0.00,0,0,0.00,0.00,0.00,0,0,0.00,0.00,0,0
1422325521,lo,0.00,0.00,0.00,0,0,0.00,0.00,0.00,0,0,0.00,0.00,0,0
1422325521,total,0.00,0.00,0.00,0,0,0.00,0.00,0.00,0,0,0.00,0.00,0,0
1422325522,s1-eth1,0.00,0.00,0.00,0,0,0.00,0.00,0.00,0,0,0.00,0.00,0,0
1422325522,s1-eth2,0.00,0.00,0.00,0,0,0.00,0.00,0.00,0,0,0.00,0.00,0,0
1422325522,s2-eth1,0.00,0.00,0.00,0,0,0.00,0.00,0.00,0,0,0.00,0.00,0,0
1422325522,s2-eth2,0.00,0.00,0.00,0,0,0.00,0.00,0.00,0,0,0.00,0.00,0,0
1422325522,s3-eth1,0.00,0.00,0.00,0,0,0.00,0.00,0.00,0,