1423817792,s1-eth1,0.00,0.00,0.00,0,0,0.00,0.00,0.00,0,0,0.00,0.00,0,0
1423817792,s1-eth3,0.00,0.00,0.00,0,0,0.00,0.00,0.00,0,0,0.00,0.00,0,0
1423817792,s1-eth2,0.00,0.00,0.00,0,0,0.00,0.00,0.00,0,0,0.00,0.00,0,0
1423817792,s2-eth1,0.00,0.00,0.00,0,0,0.00,0.00,0.00,0,0,0.00,0.00,0,0
1423817792,s2-eth3,0.00,0.00,0.00,0,0,0.00,0.00,0.00,0,0,0.00,0.00,0,0
1423817792,s2-eth2,0.00,0.00,0.00,0,0,0.00,0.00,0.00,0,0,0.00,0.00,0,0
1423817792,s3-eth1,0.00,0.00,0.00,0,0,0.00,0.00,0.00,0,0,0.00,0.00,0,0
1423817792,s3-eth3,0.00,0.00,0.00,0,0,0.00,0.00,0.00,0,0,0.00,0.00,0,0
1423817792,s3-eth2,0.00,0.00,0.00,0,0,0.00,0.00,0.00,0,0,0.00,0.00,0,0
1423817792,eth0,0.00,0.00,0.00,0,0,0.00,0.00,0.00,0,0,0.00,0.00,0,0
1423817792,lo,0.00,0.00,0.00,0,0,0.00,0.00,0.00,0,0,0.00,0.00,0,0
1423817792,s4-eth1,0.00,0.00,0.00,0,0,0.00,0.00,0.00,0,0,0.00,0.00,0,0
1423817792,s4-eth3,0.00,0.00,0.00,0,0,0.00,0.00,0.00,0,0,0.00,0.00,0,0
1423817792,s4-eth2,0.00,0.00,0.00,0,0,0.00,0.00,0.00,0,0,0.00,0.00,0,0
1423817792,s5-eth1,0.00,0.00,0.00,0,0,0.00,0.00,0.00,0,0,0.00,0.00,0,0
1423817792,s5-eth2,0.00,0.00,0.00,0,0,0.00,0.00,0.00,0,0,0.00,0.00,0,0
1423817792,total,0.00,0.00,0.00,0,0,0.00,0.00,0.00,0,0,0.00,0.00,0,0
1423817793,s1-eth1,1250356.00,28446.00,1278802.00,28446,1250356,830.00,431.00,1261.00,431,830,0.00,0.00,0,0
1423817793,s1-eth3,22836.00,1023830.00,1046666.00,1023830,22836,346.00,679.00,1025.00,679,346,0.00,0.00,0,0
1423817793,s1-eth2,5610.00,245390.00,251000.00,245390,5610,85.00,163.00,248.00,163,85,0.00,0.00,0,0
1423817793,s2-eth1,1023830.00,22836.00,1046666.00,22836,1023830,679.00,346.00,1025.00,346,679,0.00,0.00,0,0
1423817793,s2-eth3,17226.00,780772.00,797998.00,780772,17226,261.00,518.00,779.00,518,261,0.00,0.00,0,0
1423817793,s2-eth2,5544.00,243058.00,248602.00,243058,5544,84.00,161.00,245.00,161,84,0.00,0.00,0,0
1423817793,s3-eth1,780772.00,17226.00,797998.00,17226,780772,518.00,261.00,779.00,261,518,0.00,0.00,0,0
1423817793,s3-eth3,12078.00,544588.00,556666.00,544588,12078,183.00,362.00,545.00,362,183,0.00,0.00,0,0
1423817793,s3-eth2,5148.00,236184.00,241332.00,236184,5148,78.00,156.00,234.00,156,78,0.00,0.00,0,0
1423817793,eth0,0.00,0.00,0.00,0,0,0.00,0.00,0.00,0,0,0.00,0.00,0,0
1423817793,lo,0.00,0.00,0.00,0,0,0.00,0.00,0.00,0,0,0.00,0.00,0,0
1423817793,s4-eth1,544588.00,12078.00,556666.00,12078,544588,362.00,183.00,545.00,183,362,0.00,0.00,0,0
1423817793,s4-eth3,6138.00,271946.00,278084.00,271946,6138,93.00,181.00,274.00,181,93,0.00,0.00,0,0
1423817793,s4-eth2,5940.00,272642.00,278582.00,272642,5940,90.00,181.00,271.00,181,90,0.00,0.00,0,0
1423817793,s5-eth1,271946.00,6138.00,278084.00,6138,271946,181.00,93.00,274.00,93,181,0.00,0.00,0,0
1423817793,s5-eth2,6138.00,271946.00,278084.00,271946,6138,93.00,181.00,274.00,181,93,0.00,0.00,0,0
1423817793,total,3958150.00,3977080.00,7935230.00,3977080,3958150,3883.00,3896.00,7779.00,3896,3883,0.00,0.00,0,0
1423817794,s1-eth1,1250478.00,28974.00,1279452.00,28974,1250478,831.00,439.00,1270.00,439,831,0.00,0.00,0,0
1423817794,s1-eth3,23430.00,1023256.00,1046686.00,1023256,23430,355.00,680.00,1035.00,680,355,0.00,0.00,0,0
1423817794,s1-eth2,5544.00,248296.00,253840.00,248296,5544,84.00,164.00,248.00,164,84,0.00,0.00,0,0
1423817794,s2-eth1,1023256.00,23430.00,1046686.00,23430,1023256,680.00,355.00,1035.00,355,680,0.00,0.00,0,0
1423817794,s2-eth3,17754.00,782408.00,800162.00,782408,17754,269.00,520.00,789.00,520,269,0.00,0.00,0,0
1423817794,s2-eth2,5676.00,243876.00,249552.00,243876,5676,86.00,162.00,248.00,162,86,0.00,0.00,0,0
1423817794,s3-eth1,782408.00,17754.00,800162.00,17754,782408,520.00,269.00,789.00,269,520,0.00,0.00,0,0
1423817794,s3-eth3,11550.00,507434.00,518984.00,507434,11550,175.00,337.00,512.00,337,175,0.00,0.00,0,0
1423817794,s3-eth2,6204.00,274974.00,281178.00,274974,6204,94.00,183.00,277.00,183,94,0.00,0.00,0,0
1423817794,eth0,0.00,0.00,0.00,0,0,0.00,0.00,0.00,0,0,0.00,0.00,0,0
1423817794,lo,0.00,0.00,0.00,0,0,0.00,0.00,0.00,0,0,0.00,0.00,0,0
1423817794,s4-eth1,507434.00,11550.00,518984.00,11550,507434,337.00,175.00,512.00,175,337,0.00,0.00,0,0
1423817794,s4-eth3,5742.00,253656.00,259398.00,253656,5742,87.00,168.00,255.00,168,87,0.00,0.00,0,0
1423817794,s4-eth2,5808.00,253778.00,259586.00,253778,5808,88.00,169.00,257.00,169,88,0.00,0.00,0,0
1423817794,s5-eth1,253656.00,5742.00,259398.00,5742,253656,168.00,87.00,255.00,87,168,0.00,0.00,0,0
1423817794,s5-eth2,5742.00,253656.00,259398.00,253656,5742,87.00,168.00,255.00,168,87,0.00,0.00,0,0
1423817794,total,3904682.00,3928784.00,7833466.00,3928784,3904682,3861.00,3876.00,7737.00,3876,3861,0.00,0.00,0,0
1423817795,s1-eth1,1251384.00,28446.00,1279830.00,28446,1251384,834.00,431.00,1265.00,431,834,0.00,0.00,0,0
1423817795,s1-eth3,22510.00,1021760.00,1044270.00,1021760,22510,341.00,680.00,1021.00,680,341,0.00,0.00,0,0
1423817795,s1-eth2,6146.00,268988.00,275134.00,268988,6146,93.00,180.00,273.00,180,93,0.00,0.00,0,0
1423817795,s2-eth1,1021760.00,22510.00,1044270.00,22510,1021760,680.00,341.00,1021.00,341,680,0.00,0.00,0,0
1423817795,s2-eth3,17036.00,768034.00,785070.00,768034,17036,258.00,511.00,769.00,511,258,0.00,0.00,0,0
1423817795,s2-eth2,5750.00,250698.00,256448.00,250698,5750,87.00,167.00,254.00,167,87,0.00,0.00,0,0
1423817795,s3-eth1,768034.00,17036.00,785070.00,17036,768034,511.00,258.00,769.00,258,511,0.00,0.00,0,0
1423817795,s3-eth3,11162.00,502962.00,514124.00,502962,11162,169.00,335.00,504.00,335,169,0.00,0.00,0,0
1423817795,s3-eth2,6084.00,265072.00,271156.00,265072,6084,92.00,176.00,268.00,176,92,0.00,0.00,0,0
1423817795,eth0,0.00,0.00,0.00,0,0,0.00,0.00,0.00,0,0,0.00,0.00,0,0
1423817795,lo,4020.00,4020.00,8040.00,4020,4020,45.00,45.00,90.00,45,45,0.00,0.00,0,0
1423817795,s4-eth1,502962.00,11162.00,514124.00,11162,502962,335.00,169.00,504.00,169,335,0.00,0.00,0,0
1423817795,s4-eth3,5424.00,239334.00,244758.00,239334,5424,82.00,159.00,241.00,159,82,0.00,0.00,0,0
1423817795,s4-eth2,5948.00,263628.00,269576.00,263628,5948,90.00,176.00,266.00,176,90,0.00,0.00,0,0
1423817795,s5-eth1,239334.00,5424.00,244758.00,5424,239334,159.00,82.00,241.00,82,159,0.00,0.00,0,0
1423817795,s5-eth2,5424.00,239334.00,244758.00,239334,5424,82.00,159.00,241.00,159,82,0.00,0.00,0,0
1423817795,total,3872978.00,3908408.00,7781386.00,3908408,3872978,3858.00,3869.00,7727.00,3869,3858,0.00,0.00,0,0
1423817796,s1-eth1,1249890.00,28660.00,1278550.00,28660,1249890,833.00,434.00,1267.00,434,833,0.00,0.00,0,0
1423817796,s1-eth3,23008.00,1053238.00,1076246.00,1053238,23008,350.00,707.00,1057.00,707,350,0.00,0.00,0,0
1423817796,s1-eth2,6210.00,253128.00,259338.00,253128,6210,95.00,172.00,267.00,172,95,0.00,0.00,0,0
1423817796,s2-eth1,1053238.00,23008.00,1076246.00,23008,1053238,707.00,350.00,1057.00,350,707,0.00,0.00,0,0
1423817796,s2-eth3,17284.00,779862.00,797146.00,779862,17284,264.00,527.00,791.00,527,264,0.00,0.00,0,0
1423817796,s2-eth2,6210.00,273628.00,279838.00,273628,6210,95.00,186.00,281.00,186,95,0.00,0.00,0,0
1423817796,s3-eth1,779862.00,17284.00,797146.00,17284,779862,527.00,264.00,791.00,264,527,0.00,0.00,0,0
1423817796,s3-eth3,11744.00,526832.00,538576.00,526832,11744,180.00,358.00,538.00,358,180,0.00,0.00,0,0
1423817796,s3-eth2,6008.00,253198.00,259206.00,253198,6008,92.00,173.00,265.00,173,92,0.00,0.00,0,0
1423817796,eth0,0.00,0.00,0.00,0,0,0.00,0.00,0.00,0,0,0.00,0.00,0,0
1423817796,lo,21452.00,21452.00,42904.00,21452,21452,206.00,206.00,412.00,206,206,0.00,0.00,0,0
1423817796,s4-eth1,526832.00,11744.00,538576.00,11744,526832,358.00,180.00,538.00,180,358,0.00,0.00,0,0
1423817796,s4-eth3,6314.00,279844.00,286158.00,279844,6314,97.00,192.00,289.00,192,97,0.00,0.00,0,0
1423817796,s4-eth2,5814.00,247072.00,252886.00,247072,5814,89.00,168.00,257.00,168,89,0.00,0.00,0,0
1423817796,s5-eth1,279844.00,6314.00,286158.00,6314,279844,192.00,97.00,289.00,97,192,0.00,0.00,0,0
1423817796,s5-eth2,6314.00,279844.00,286158.00,279844,6314,97.00,192.00,289.00,192,97,0.00,0.00,0,0
1423817796,total,4000024.00,4055108.00,8055132.00,4055108,4000024,4182.00,4206.00,8388.00,4206,4182,0.00,0.00,0,0
1423817797,s1-eth1,1250234.00,40410.00,1290644.00,40410,1250234,829.00,571.00,1400.00,571,829,0.00,0.00,0,0
1423817797,s1-eth3,31554.00,1064586.00,1096140.00,1064586,31554,451.00,705.00,1156.00,705,451,0.00,0.00,0,0
1423817797,s1-eth2,8868.00,233974.00,242842.00,233974,8868,120.00,155.00,275.00,155,120,0.00,0.00,0,0
1423817797,s2-eth1,1064586.00,31554.00,1096140.00,31554,1064586,705.00,451.00,1156.00,451,705,0.00,0.00,0,0
1423817797,s2-eth3,23328.00,832944.00,856272.00,832944,23328,336.00,552.00,888.00,552,336,0.00,0.00,0,0
1423817797,s2-eth2,8292.00,231642.00,239934.00,231642,8292,116.00,153.00,269.00,153,116,0.00,0.00,0,0
1423817797,s3-eth1,832944.00,23328.00,856272.00,23328,832944,552.00,336.00,888.00,336,552,0.00,0.00,0,0
1423817797,s3-eth3,15114.00,559606.00,574720.00,559606,15114,221.00,371.00,592.00,371,221,0.00,0.00,0,0
1423817797,s3-eth2,8214.00,273338.00,281552.00,273338,8214,115.00,181.00,296.00,181,115,0.00,0.00,0,0
1423817797,eth0,0.00,0.00,0.00,0,0,0.00,0.00,0.00,0,0,0.00,0.00,0,0
1423817797,lo,0.00,0.00,0.00,0,0,0.00,0.00,0.00,0,0,0.00,0.00,0,0
1423817797,s4-eth1,559606.00,15114.00,574720.00,15114,559606,371.00,221.00,592.00,221,371,0.00,0.00,0,0
1423817797,s4-eth3,7524.00,331688.00,339212.00,331688,7524,114.00,220.00,334.00,220,114,0.00,0.00,0,0
1423817797,s4-eth2,7524.00,227918.00,235442.00,227918,7524,106.00,151.00,257.00,151,106,0.00,0.00,0,0
1423817797,s5-eth1,331688.00,7524.00,339212.00,7524,331688,220.00,114.00,334.00,114,220,0.00,0.00,0,0
1423817797,s5-eth2,7524.00,331688.00,339212.00,331688,7524,114.00,220.00,334.00,220,114,0.00,0.00,0,0
1423817797,total,4157000.00,4205314.00,8362314.00,4205314,4157000,4370.00,4401.00,8771.00,4401,4370,0.00,0.00,0,0
1423817798,s1-eth1,1251108.00,37898.00,1289006.00,37898,1251108,830.00,527.00,1357.00,527,830,0.00,0.00,0,0
1423817798,s1-eth3,30174.00,1027036.00,1057210.00,1027036,30174,431.00,682.00,1113.00,682,431,0.00,0.00,0,0
1423817798,s1-eth2,7724.00,219530.00,227254.00,219530,7724,96.00,145.00,241.00,145,96,0.00,0.00,0,0
1423817798,s2-eth1,1027036.00,30174.00,1057210.00,30174,1027036,682.00,431.00,1113.00,431,682,0.00,0.00,0,0
1423817798,s2-eth3,22782.00,686208.00,708990.00,686208,22782,319.00,456.00,775.00,456,319,0.00,0.00,0,0
1423817798,s2-eth2,7392.00,340828.00,348220.00,340828,7392,112.00,226.00,338.00,226,112,0.00,0.00,0,0
1423817798,s3-eth1,686208.00,22782.00,708990.00,22782,686208,456.00,319.00,775.00,319,456,0.00,0.00,0,0
1423817798,s3-eth3,15522.00,356730.00,372252.00,356730,15522,209.00,237.00,446.00,237,209,0.00,0.00,0,0
1423817798,s3-eth2,7194.00,334020.00,341214.00,334020,7194,109.00,222.00,331.00,222,109,0.00,0.00,0,0
1423817798,eth0,0.00,0.00,0.00,0,0,0.00,0.00,0.00,0,0,0.00,0.00,0,0
1423817798,lo,0.00,0.00,0.00,0,0,0.00,0.00,0.00,0,0,0.00,0.00,0,0
1423817798,s4-eth1,356730.00,15522.00,372252.00,15522,356730,237.00,209.00,446.00,209,237,0.00,0.00,0,0
1423817798,s4-eth3,6222.00,64406.00,70628.00,64406,6222,77.00,43.00,120.00,43,77,0.00,0.00,0,0
1423817798,s4-eth2,9366.00,292324.00,301690.00,292324,9366,133.00,194.00,327.00,194,133,0.00,0.00,0,0
1423817798,s5-eth1,64406.00,6222.00,70628.00,6222,64406,43.00,77.00,120.00,77,43,0.00,0.00,0,0
1423817798,s5-eth2,6222.00,64406.00,70628.00,64406,6222,77.00,43.00,120.00,43,77,0.00,0.00,0,0
1423817798,total,3498086.00,3498086.00,6996172.00,3498086,3498086,3811.00,3811.00,7622.00,3811,3811,0.00,0.00,0,0
1423817799,s1-eth1,1249544.00,28536.00,1278080.00,28536,1249544,830.00,432.00,1262.00,432,830,0.00,0.00,0,0
1423817799,s1-eth3,23878.00,1077836.00,1101714.00,1077836,23878,361.00,718.00,1079.00,718,361,0.00,0.00,0,0
1423817799,s1-eth2,5294.00,224232.00,229526.00,224232,5294,79.00,150.00,229.00,150,79,0.00,0.00,0,0
1423817799,s2-eth1,1077836.00,23878.00,1101714.00,23878,1077836,718.00,361.00,1079.00,361,718,0.00,0.00,0,0
1423817799,s2-eth3,17174.00,779296.00,796470.00,779296,17174,259.00,518.00,777.00,518,259,0.00,0.00,0,0
1423817799,s2-eth2,7274.00,298540.00,305814.00,298540,7274,109.00,200.00,309.00,200,109,0.00,0.00,0,0
1423817799,s3-eth1,779296.00,17174.00,796470.00,17174,779296,518.00,259.00,777.00,259,518,0.00,0.00,0,0
1423817799,s3-eth3,10310.00,471014.00,481324.00,471014,10310,155.00,313.00,468.00,313,155,0.00,0.00,0,0
1423817799,s3-eth2,7434.00,303740.00,311174.00,303740,7434,111.00,202.00,313.00,202,111,0.00,0.00,0,0
1423817799,eth0,0.00,0.00,0.00,0,0,0.00,0.00,0.00,0,0,0.00,0.00,0,0
1423817799,lo,9520.00,9520.00,19040.00,9520,9520,100.00,100.00,200.00,100,100,0.00,0.00,0,0
1423817799,s4-eth1,471014.00,10310.00,481324.00,10310,471014,313.00,155.00,468.00,155,313,0.00,0.00,0,0
1423817799,s4-eth3,4134.00,181680.00,185814.00,181680,4134,61.00,120.00,181.00,120,61,0.00,0.00,0,0
1423817799,s4-eth2,6746.00,289334.00,296080.00,289334,6746,101.00,193.00,294.00,193,101,0.00,0.00,0,0
1423817799,s5-eth1,181680.00,4134.00,185814.00,4134,181680,120.00,61.00,181.00,61,120,0.00,0.00,0,0
1423817799,s5-eth2,4134.00,181680.00,185814.00,181680,4134,61.00,120.00,181.00,120,61,0.00,0.00,0,0
1423817799,total,3855268.00,3900904.00,7756172.00,3900904,3855268,3896.00,3902.00,7798.00,3902,3896,0.00,0.00,0,0
1423817800,s1-eth1,1251076.00,34222.00,1285298.00,34222,1251076,832.00,493.00,1325.00,493,832,0.00,0.00,0,0
1423817800,s1-eth3,28414.00,989690.00,1018104.00,989690,28414,405.00,657.00,1062.00,657,405,0.00,0.00,0,0
1423817800,s1-eth2,6108.00,263436.00,269544.00,263436,6108,92.00,174.00,266.00,174,92,0.00,0.00,0,0
1423817800,s2-eth1,989690.00,28414.00,1018104.00,28414,989690,657.00,405.00,1062.00,405,657,0.00,0.00,0,0
1423817800,s2-eth3,19316.00,726254.00,745570.00,726254,19316,278.00,483.00,761.00,483,278,0.00,0.00,0,0
1423817800,s2-eth2,9332.00,263436.00,272768.00,263436,9332,130.00,174.00,304.00,174,130,0.00,0.00,0,0
1423817800,s3-eth1,726254.00,19316.00,745570.00,19316,726254,483.00,278.00,761.00,278,483,0.00,0.00,0,0
1423817800,s3-eth3,10724.00,486064.00,496788.00,486064,10724,162.00,322.00,484.00,322,162,0.00,0.00,0,0
1423817800,s3-eth2,8958.00,246246.00,255204.00,246246,8958,121.00,165.00,286.00,165,121,0.00,0.00,0,0
1423817800,eth0,0.00,0.00,0.00,0,0,0.00,0.00,0.00,0,0,0.00,0.00,0,0
1423817800,lo,5460.00,5460.00,10920.00,5460,5460,60.00,60.00,120.00,60,60,0.00,0.00,0,0
1423817800,s4-eth1,486064.00,10724.00,496788.00,10724,486064,322.00,162.00,484.00,162,322,0.00,0.00,0,0
1423817800,s4-eth3,5378.00,240796.00,246174.00,240796,5378,81.00,160.00,241.00,160,81,0.00,0.00,0,0
1423817800,s4-eth2,5646.00,245268.00,250914.00,245268,5646,85.00,162.00,247.00,162,85,0.00,0.00,0,0
1423817800,s5-eth1,240796.00,5378.00,246174.00,5378,240796,160.00,81.00,241.00,81,160,0.00,0.00,0,0
1423817800,s5-eth2,5378.00,240796.00,246174.00,240796,5378,81.00,160.00,241.00,160,81,0.00,0.00,0,0
1423817800,total,3798594.00,3805500.00,7604094.00,3805500,3798594,3949.00,3936.00,7885.00,3936,3949,0.00,0.00,0,0
1423817801,s1-eth1,1250686.00,36234.00,1286920.00,36234,1250686,827.00,513.00,1340.00,513,827,0.00,0.00,0,0
1423817801,s1-eth3,28786.00,1053866.00,1082652.00,1053866,28786,417.00,697.00,1114.00,697,417,0.00,0.00,0,0
1423817801,s1-eth2,7448.00,149886.00,157334.00,149886,7448,96.00,99.00,195.00,99,96,0.00,0.00,0,0
1423817801,s2-eth1,1053866.00,28786.00,1082652.00,28786,1053866,697.00,417.00,1114.00,417,697,0.00,0.00,0,0
1423817801,s2-eth3,21372.00,864616.00,885988.00,864616,21372,316.00,572.00,888.00,572,316,0.00,0.00,0,0
1423817801,s2-eth2,7414.00,207418.00,214832.00,207418,7414,101.00,137.00,238.00,137,101,0.00,0.00,0,0
1423817801,s3-eth1,864616.00,21372.00,885988.00,21372,864616,572.00,316.00,888.00,316,572,0.00,0.00,0,0
1423817801,s3-eth3,13728.00,637394.00,651122.00,637394,13728,208.00,421.00,629.00,421,208,0.00,0.00,0,0
1423817801,s3-eth2,7644.00,221166.00,228810.00,221166,7644,108.00,147.00,255.00,147,108,0.00,0.00,0,0
1423817801,eth0,0.00,0.00,0.00,0,0,0.00,0.00,0.00,0,0,0.00,0.00,0,0
1423817801,lo,0.00,0.00,0.00,0,0,0.00,0.00,0.00,0,0,0.00,0.00,0,0
1423817801,s4-eth1,637394.00,13728.00,651122.00,13728,637394,421.00,208.00,629.00,208,421,0.00,0.00,0,0
1423817801,s4-eth3,7722.00,364874.00,372596.00,364874,7722,117.00,241.00,358.00,241,117,0.00,0.00,0,0
1423817801,s4-eth2,6006.00,275548.00,281554.00,275548,6006,91.00,182.00,273.00,182,91,0.00,0.00,0,0
1423817801,s5-eth1,364874.00,7722.00,372596.00,7722,364874,241.00,117.00,358.00,117,241,0.00,0.00,0,0
1423817801,s5-eth2,7722.00,364874.00,372596.00,364874,7722,117.00,241.00,358.00,241,117,0.00,0.00,0,0
1423817801,total,4279278.00,4247484.00,8526762.00,4247484,4279278,4329.00,4308.00,8637.00,4308,4329,0.00,0.00,0,0
1423817802,s1-eth1,1250326.00,27786.00,1278112.00,27786,1250326,827.00,421.00,1248.00,421,827,0.00,0.00,0,0
1423817802,s1-eth3,24552.00,1151220.00,1175772.00,1151220,24552,372.00,762.00,1134.00,762,372,0.00,0.00,0,0
1423817802,s1-eth2,3234.00,148372.00,151606.00,148372,3234,49.00,98.00,147.00,98,49,0.00,0.00,0,0
1423817802,s2-eth1,1151220.00,24552.00,1175772.00,24552,1151220,762.00,372.00,1134.00,372,762,0.00,0.00,0,0
1423817802,s2-eth3,19074.00,878700.00,897774.00,878700,19074,289.00,582.00,871.00,582,289,0.00,0.00,0,0
1423817802,s2-eth2,5478.00,254352.00,259830.00,254352,5478,83.00,168.00,251.00,168,83,0.00,0.00,0,0
1423817802,s3-eth1,878700.00,19074.00,897774.00,19074,878700,582.00,289.00,871.00,289,582,0.00,0.00,0,0
1423817802,s3-eth3,13728.00,636460.00,650188.00,636460,13728,208.00,422.00,630.00,422,208,0.00,0.00,0,0
1423817802,s3-eth2,5346.00,242240.00,247586.00,242240,5346,81.00,160.00,241.00,160,81,0.00,0.00,0,0
1423817802,eth0,0.00,0.00,0.00,0,0,0.00,0.00,0.00,0,0,0.00,0.00,0,0
1423817802,lo,0.00,0.00,0.00,0,0,0.00,0.00,0.00,0,0,0.00,0.00,0,0
1423817802,s4-eth1,636460.00,13728.00,650188.00,13728,636460,422.00,208.00,630.00,208,422,0.00,0.00,0,0
1423817802,s4-eth3,7788.00,359108.00,366896.00,359108,7788,118.00,238.00,356.00,238,118,0.00,0.00,0,0
1423817802,s4-eth2,5940.00,274324.00,280264.00,274324,5940,90.00,182.00,272.00,182,90,0.00,0.00,0,0
1423817802,s5-eth1,359108.00,7788.00,366896.00,7788,359108,238.00,118.00,356.00,118,238,0.00,0.00,0,0
1423817802,s5-eth2,7788.00,359108.00,366896.00,359108,7788,118.00,238.00,356.00,238,118,0.00,0.00,0,0
1423817802,total,4368742.00,4396812.00,8765554.00,4396812,4368742,4239.00,4258.00,8497.00,4258,4239,0.00,0.00,0,0
1423817803,s1-eth1,1249868.00,27852.00,1277720.00,27852,1249868,826.00,422.00,1248.00,422,826,0.00,0.00,0,0
1423817803,s1-eth3,24882.00,1132472.00,1157354.00,1132472,24882,377.00,748.00,1125.00,748,377,0.00,0.00,0,0
1423817803,s1-eth2,2970.00,130204.00,133174.00,130204,2970,45.00,86.00,131.00,86,45,0.00,0.00,0,0
1423817803,s2-eth1,1132472.00,24882.00,1157354.00,24882,1132472,748.00,377.00,1125.00,377,748,0.00,0.00,0,0
1423817803,s2-eth3,19536.00,893260.00,912796.00,893260,19536,296.00,590.00,886.00,590,296,0.00,0.00,0,0
1423817803,s2-eth2,5346.00,242240.00,247586.00,242240,5346,81.00,160.00,241.00,160,81,0.00,0.00,0,0
1423817803,s3-eth1,893260.00,19536.00,912796.00,19536,893260,590.00,296.00,886.00,296,590,0.00,0.00,0,0
1423817803,s3-eth3,13992.00,641936.00,655928.00,641936,13992,212.00,424.00,636.00,424,212,0.00,0.00,0,0
1423817803,s3-eth2,5544.00,252838.00,258382.00,252838,5544,84.00,167.00,251.00,167,84,0.00,0.00,0,0
1423817803,eth0,0.00,0.00,0.00,0,0,0.00,0.00,0.00,0,0,0.00,0.00,0,0
1423817803,lo,0.00,0.00,0.00,0,0,0.00,0.00,0.00,0,0,0.00,0.00,0,0
1423817803,s4-eth1,641936.00,13992.00,655928.00,13992,641936,424.00,212.00,636.00,212,424,0.00,0.00,0,0
1423817803,s4-eth3,7920.00,363360.00,371280.00,363360,7920,120.00,240.00,360.00,240,120,0.00,0.00,0,0
1423817803,s4-eth2,6006.00,280090.00,286096.00,280090,6006,91.00,185.00,276.00,185,91,0.00,0.00,0,0
1423817803,s5-eth1,363360.00,7920.00,371280.00,7920,363360,240.00,120.00,360.00,120,240,0.00,0.00,0,0
1423817803,s5-eth2,7920.00,363360.00,371280.00,363360,7920,120.00,240.00,360.00,240,120,0.00,0.00,0,0
1423817803,total,4375012.00,4393942.00,8768954.00,4393942,4375012,4254.00,4267.00,8521.00,4267,4254,0.00,0.00,0,0
1423817804,s1-eth1,1250046.00,28974.00,1279020.00,28974,1250046,827.00,435.00,1262.00,435,827,0.00,0.00,0,0
1423817804,s1-eth3,25080.00,1140342.00,1165422.00,1140342,25080,380.00,755.00,1135.00,755,380,0.00,0.00,0,0
1423817804,s1-eth2,3828.00,101438.00,105266.00,101438,3828,54.00,67.00,121.00,67,54,0.00,0.00,0,0
1423817804,s2-eth1,1140342.00,25080.00,1165422.00,25080,1140342,755.00,380.00,1135.00,380,755,0.00,0.00,0,0
1423817804,s2-eth3,20064.00,908700.00,928764.00,908700,20064,304.00,602.00,906.00,602,304,0.00,0.00,0,0
1423817804,s2-eth2,5082.00,233156.00,238238.00,233156,5082,77.00,154.00,231.00,154,77,0.00,0.00,0,0
1423817804,s3-eth1,908700.00,20064.00,928764.00,20064,908700,602.00,304.00,906.00,304,602,0.00,0.00,0,0
1423817804,s3-eth3,14916.00,674030.00,688946.00,674030,14916,226.00,447.00,673.00,447,226,0.00,0.00,0,0
1423817804,s3-eth2,5082.00,233156.00,238238.00,233156,5082,77.00,154.00,231.00,154,77,0.00,0.00,0,0
1423817804,eth0,0.00,0.00,0.00,0,0,0.00,0.00,0.00,0,0,0.00,0.00,0,0
1423817804,lo,860.00,860.00,1720.00,860,860,15.00,15.00,30.00,15,15,0.00,0.00,0,0
1423817804,s4-eth1,675544.00,14916.00,690460.00,14916,675544,448.00,226.00,674.00,226,448,0.00,0.00,0,0
1423817804,s4-eth3,8844.00,406052.00,414896.00,406052,8844,134.00,270.00,404.00,270,134,0.00,0.00,0,0
1423817804,s4-eth2,6138.00,267978.00,274116.00,267978,6138,93.00,177.00,270.00,177,93,0.00,0.00,0,0
1423817804,s5-eth1,406052.00,8844.00,414896.00,8844,406052,270.00,134.00,404.00,134,270,0.00,0.00,0,0
1423817804,s5-eth2,8844.00,407566.00,416410.00,407566,8844,134.00,271.00,405.00,271,134,0.00,0.00,0,0
1423817804,total,4479422.00,4471156.00,8950578.00,4471156,4479422,4396.00,4391.00,8787.00,4391,4396,0.00,0.00,0,0
1423817805,s1-eth1,1250686.00,35590.00,1286276.00,35590,1250686,827.00,499.00,1326.00,499,827,0.00,0.00,0,0
1423817805,s1-eth3,31456.00,1046296.00,1077752.00,1046296,31456,440.00,692.00,1132.00,692,440,0.00,0.00,0,0
1423817805,s1-eth2,4134.00,121120.00,125254.00,121120,4134,59.00,80.00,139.00,80,59,0.00,0.00,0,0
1423817805,s2-eth1,1046296.00,31456.00,1077752.00,31456,1046296,692.00,440.00,1132.00,440,692,0.00,0.00,0,0
1423817805,s2-eth3,25384.00,840392.00,865776.00,840392,25384,348.00,556.00,904.00,556,348,0.00,0.00,0,0
1423817805,s2-eth2,6006.00,278576.00,284582.00,278576,6006,91.00,184.00,275.00,184,91,0.00,0.00,0,0
1423817805,s3-eth1,840392.00,25384.00,865776.00,25384,840392,556.00,348.00,904.00,348,556,0.00,0.00,0,0
1423817805,s3-eth3,19708.00,583012.00,602720.00,583012,19708,262.00,386.00,648.00,386,262,0.00,0.00,0,0
1423817805,s3-eth2,5742.00,264950.00,270692.00,264950,5742,87.00,175.00,262.00,175,87,0.00,0.00,0,0
1423817805,eth0,0.00,0.00,0.00,0,0,0.00,0.00,0.00,0,0,0.00,0.00,0,0
1423817805,lo,0.00,0.00,0.00,0,0,0.00,0.00,0.00,0,0,0.00,0.00,0,0
1423817805,s4-eth1,581498.00,19708.00,601206.00,19708,581498,385.00,262.00,647.00,262,385,0.00,0.00,0,0
1423817805,s4-eth3,10394.00,284754.00,295148.00,284754,10394,137.00,189.00,326.00,189,137,0.00,0.00,0,0
1423817805,s4-eth2,9314.00,298258.00,307572.00,298258,9314,125.00,197.00,322.00,197,125,0.00,0.00,0,0
1423817805,s5-eth1,284754.00,10394.00,295148.00,10394,284754,189.00,137.00,326.00,137,189,0.00,0.00,0,0
1423817805,s5-eth2,10394.00,283240.00,293634.00,283240,10394,137.00,188.00,325.00,188,137,0.00,0.00,0,0
1423817805,total,4126158.00,4123130.00,8249288.00,4123130,4126158,4335.00,4333.00,8668.00,4333,4335,0.00,0.00,0,0
1423817806,s1-eth1,1251382.00,27852.00,1279234.00,27852,1251382,827.00,422.00,1249.00,422,827,0.00,0.00,0,0
1423817806,s1-eth3,25278.00,1250564.00,1275842.00,1250564,25278,383.00,826.00,1209.00,826,383,0.00,0.00,0,0
1423817806,s1-eth2,2640.00,121120.00,123760.00,121120,2640,40.00,80.00,120.00,80,40,0.00,0.00,0,0
1423817806,s2-eth1,1250564.00,25278.00,1275842.00,25278,1250564,826.00,383.00,1209.00,383,826,0.00,0.00,0,0
1423817806,s2-eth3,19602.00,917484.00,937086.00,917484,19602,297.00,606.00,903.00,606,297,0.00,0.00,0,0
1423817806,s2-eth2,5676.00,263436.00,269112.00,263436,5676,86.00,174.00,260.00,174,86,0.00,0.00,0,0
1423817806,s3-eth1,917484.00,19602.00,937086.00,19602,917484,606.00,297.00,903.00,297,606,0.00,0.00,0,0
1423817806,s3-eth3,13794.00,646478.00,660272.00,646478,13794,209.00,427.00,636.00,427,209,0.00,0.00,0,0
1423817806,s3-eth2,5808.00,267978.00,273786.00,267978,5808,88.00,177.00,265.00,177,88,0.00,0.00,0,0
1423817806,eth0,0.00,0.00,0.00,0,0,0.00,0.00,0.00,0,0,0.00,0.00,0,0
1423817806,lo,0.00,0.00,0.00,0,0,0.00,0.00,0.00,0,0,0.00,0.00,0,0
1423817806,s4-eth1,646478.00,13794.00,660272.00,13794,646478,427.00,209.00,636.00,209,427,0.00,0.00,0,0
1423817806,s4-eth3,7524.00,345192.00,352716.00,345192,7524,114.00,228.00,342.00,228,114,0.00,0.00,0,0
1423817806,s4-eth2,6270.00,299772.00,306042.00,299772,6270,95.00,198.00,293.00,198,95,0.00,0.00,0,0
1423817806,s5-eth1,345192.00,7524.00,352716.00,7524,345192,228.00,114.00,342.00,114,228,0.00,0.00,0,0
1423817806,s5-eth2,7524.00,345192.00,352716.00,345192,7524,114.00,228.00,342.00,228,114,0.00,0.00,0,0
1423817806,total,4505216.00,4551266.00,9056482.00,4551266,4505216,4340.00,4369.00,8709.00,4369,4340,0.00,0.00,0,0
1423817807,s1-eth1,1250742.00,38956.00,1289698.00,38956,1250742,827.00,548.00,1375.00,548,827,0.00,0.00,0,0
1423817807,s1-eth3,36012.00,1126594.00,1162606.00,1126594,36012,510.00,745.00,1255.00,745,510,0.00,0.00,0,0
1423817807,s1-eth2,2878.00,75700.00,78578.00,75700,2878,37.00,50.00,87.00,50,37,0.00,0.00,0,0
1423817807,s2-eth1,1126594.00,36012.00,1162606.00,36012,1126594,745.00,510.00,1255.00,510,745,0.00,0.00,0,0
1423817807,s2-eth3,28464.00,941886.00,970350.00,941886,28464,404.00,623.00,1027.00,623,404,0.00,0.00,0,0
1423817807,s2-eth2,7614.00,216502.00,224116.00,216502,7614,107.00,143.00,250.00,143,107,0.00,0.00,0,0
1423817807,s3-eth1,941886.00,28464.00,970350.00,28464,941886,623.00,404.00,1027.00,404,623,0.00,0.00,0,0
1423817807,s3-eth3,21732.00,630002.00,651734.00,630002,21732,302.00,417.00,719.00,417,302,0.00,0.00,0,0
1423817807,s3-eth2,6666.00,310370.00,317036.00,310370,6666,101.00,205.00,306.00,205,101,0.00,0.00,0,0
1423817807,eth0,0.00,0.00,0.00,0,0,0.00,0.00,0.00,0,0,0.00,0.00,0,0
1423817807,lo,0.00,0.00,0.00,0,0,0.00,0.00,0.00,0,0,0.00,0.00,0,0
1423817807,s4-eth1,630002.00,21732.00,651734.00,21732,630002,417.00,302.00,719.00,302,417,0.00,0.00,0,0
1423817807,s4-eth3,11802.00,357482.00,369284.00,357482,11802,167.00,237.00,404.00,237,167,0.00,0.00,0,0
1423817807,s4-eth2,9930.00,272520.00,282450.00,272520,9930,135.00,180.00,315.00,180,135,0.00,0.00,0,0
1423817807,s5-eth1,357482.00,11802.00,369284.00,11802,357482,237.00,167.00,404.00,167,237,0.00,0.00,0,0
1423817807,s5-eth2,11802.00,357482.00,369284.00,357482,11802,167.00,237.00,404.00,237,167,0.00,0.00,0,0
1423817807,total,4443606.00,4425504.00,8869110.00,4425504,4443606,4779.00,4768.00,9547.00,4768,4779,0.00,0.00,0,0
1423817808,s1-eth1,1250564.00,28560.00,1279124.00,28560,1250564,826.00,432.00,1258.00,432,826,0.00,0.00,0,0
1423817808,s1-eth3,25872.00,1217256.00,1243128.00,1217256,25872,392.00,804.00,1196.00,804,392,0.00,0.00,0,0
1423817808,s1-eth2,2754.00,105980.00,108734.00,105980,2754,41.00,70.00,111.00,70,41,0.00,0.00,0,0
1423817808,s2-eth1,1217256.00,25872.00,1243128.00,25872,1217256,804.00,392.00,1196.00,392,804,0.00,0.00,0,0
1423817808,s2-eth3,19998.00,914456.00,934454.00,914456,19998,303.00,604.00,907.00,604,303,0.00,0.00,0,0
1423817808,s2-eth2,5808.00,264950.00,270758.00,264950,5808,88.00,175.00,263.00,175,88,0.00,0.00,0,0
1423817808,s3-eth1,914456.00,19998.00,934454.00,19998,914456,604.00,303.00,907.00,303,604,0.00,0.00,0,0
1423817808,s3-eth3,12936.00,595002.00,607938.00,595002,12936,196.00,393.00,589.00,393,196,0.00,0.00,0,0
1423817808,s3-eth2,7128.00,323996.00,331124.00,323996,7128,108.00,214.00,322.00,214,108,0.00,0.00,0,0
1423817808,eth0,0.00,0.00,0.00,0,0,0.00,0.00,0.00,0,0,0.00,0.00,0,0
1423817808,lo,0.00,0.00,0.00,0,0,0.00,0.00,0.00,0,0,0.00,0.00,0,0
1423817808,s4-eth1,595002.00,12936.00,607938.00,12936,595002,393.00,196.00,589.00,196,393,0.00,0.00,0,0
1423817808,s4-eth3,6798.00,310370.00,317168.00,310370,6798,103.00,205.00,308.00,205,103,0.00,0.00,0,0
1423817808,s4-eth2,6138.00,284632.00,290770.00,284632,6138,93.00,188.00,281.00,188,93,0.00,0.00,0,0
1423817808,s5-eth1,310370.00,6798.00,317168.00,6798,310370,205.00,103.00,308.00,103,205,0.00,0.00,0,0
1423817808,s5-eth2,6798.00,310370.00,317168.00,310370,6798,103.00,205.00,308.00,205,103,0.00,0.00,0,0
1423817808,total,4381878.00,4421176.00,8803054.00,4421176,4381878,4259.00,4284.00,8543.00,4284,4259,0.00,0.00,0,0
1423817809,s1-eth1,1250260.00,38072.00,1288332.00,38072,1250260,826.00,536.00,1362.00,536,826,0.00,0.00,0,0
1423817809,s1-eth3,34702.00,1145794.00,1180496.00,1145794,34702,491.00,757.00,1248.00,757,491,0.00,0.00,0,0
1423817809,s1-eth2,3370.00,84784.00,88154.00,84784,3370,45.00,56.00,101.00,56,45,0.00,0.00,0,0
1423817809,s2-eth1,1145794.00,34702.00,1180496.00,34702,1145794,757.00,491.00,1248.00,491,757,0.00,0.00,0,0
1423817809,s2-eth3,27144.00,941404.00,968548.00,941404,27144,390.00,622.00,1012.00,622,390,0.00,0.00,0,0
1423817809,s2-eth2,7624.00,202876.00,210500.00,202876,7624,102.00,134.00,236.00,134,102,0.00,0.00,0,0
1423817809,s3-eth1,941404.00,27144.00,968548.00,27144,941404,622.00,390.00,1012.00,390,622,0.00,0.00,0,0
1423817809,s3-eth3,16434.00,602572.00,619006.00,602572,16434,239.00,398.00,637.00,398,239,0.00,0.00,0,0
1423817809,s3-eth2,10644.00,331262.00,341906.00,331262,10644,150.00,219.00,369.00,219,150,0.00,0.00,0,0
1423817809,eth0,0.00,0.00,0.00,0,0,0.00,0.00,0.00,0,0,0.00,0.00,0,0
1423817809,lo,860.00,860.00,1720.00,860,860,15.00,15.00,30.00,15,15,0.00,0.00,0,0
1423817809,s4-eth1,602572.00,16434.00,619006.00,16434,602572,398.00,239.00,637.00,239,398,0.00,0.00,0,0
1423817809,s4-eth3,9570.00,290688.00,300258.00,290688,9570,135.00,192.00,327.00,192,135,0.00,0.00,0,0
1423817809,s4-eth2,6864.00,314912.00,321776.00,314912,6864,104.00,208.00,312.00,208,104,0.00,0.00,0,0
1423817809,s5-eth1,290688.00,9570.00,300258.00,9570,290688,192.00,135.00,327.00,135,192,0.00,0.00,0,0
1423817809,s5-eth2,9570.00,290688.00,300258.00,290688,9570,135.00,192.00,327.00,192,135,0.00,0.00,0,0
1423817809,total,4357500.00,4331762.00,8689262.00,4331762,4357500,4601.00,4584.00,9185.00,4584,4601,0.00,0.00,0,0
1423817810,s1-eth1,1249924.00,28404.00,1278328.00,28404,1249924,826.00,428.00,1254.00,428,826,0.00,0.00,0,0
1423817810,s1-eth3,25476.00,1163626.00,1189102.00,1163626,25476,386.00,769.00,1155.00,769,386,0.00,0.00,0,0
1423817810,s1-eth2,2928.00,99924.00,102852.00,99924,2928,42.00,66.00,108.00,66,42,0.00,0.00,0,0
1423817810,s2-eth1,1163626.00,25476.00,1189102.00,25476,1163626,769.00,386.00,1155.00,386,769,0.00,0.00,0,0
1423817810,s2-eth3,20592.00,945610.00,966202.00,945610,20592,312.00,625.00,937.00,625,312,0.00,0.00,0,0
1423817810,s2-eth2,4818.00,218016.00,222834.00,218016,4818,73.00,144.00,217.00,144,73,0.00,0.00,0,0
1423817810,s3-eth1,945610.00,20592.00,966202.00,20592,945610,625.00,312.00,937.00,312,625,0.00,0.00,0,0
1423817810,s3-eth3,13398.00,623768.00,637166.00,623768,13398,203.00,412.00,615.00,412,203,0.00,0.00,0,0
1423817810,s3-eth2,7260.00,324870.00,332130.00,324870,7260,110.00,215.00,325.00,215,110,0.00,0.00,0,0
1423817810,eth0,0.00,0.00,0.00,0,0,0.00,0.00,0.00,0,0,0.00,0.00,0,0
1423817810,lo,0.00,0.00,0.00,0,0,0.00,0.00,0.00,0,0,0.00,0.00,0,0
1423817810,s4-eth1,623768.00,13398.00,637166.00,13398,623768,412.00,203.00,615.00,203,412,0.00,0.00,0,0
1423817810,s4-eth3,6798.00,322482.00,329280.00,322482,6798,103.00,213.00,316.00,213,103,0.00,0.00,0,0
1423817810,s4-eth2,6600.00,298258.00,304858.00,298258,6600,100.00,197.00,297.00,197,100,0.00,0.00,0,0
1423817810,s5-eth1,322482.00,6798.00,329280.00,6798,322482,213.00,103.00,316.00,103,213,0.00,0.00,0,0
1423817810,s5-eth2,6798.00,322482.00,329280.00,322482,6798,103.00,213.00,316.00,213,103,0.00,0.00,0,0
1423817810,total,4400078.00,4413704.00,8813782.00,4413704,4400078,4277.00,4286.00,8563.00,4286,4277,0.00,0.00,0,0
1423817811,s1-eth1,1250686.00,32100.00,1282786.00,32100,1250686,827.00,470.00,1297.00,470,827,0.00,0.00,0,0
1423817811,s1-eth3,29016.00,1144010.00,1173026.00,1144010,29016,428.00,757.00,1185.00,757,428,0.00,0.00,0,0
1423817811,s1-eth2,3084.00,72672.00,75756.00,72672,3084,42.00,48.00,90.00,48,42,0.00,0.00,0,0
1423817811,s2-eth1,1144010.00,29016.00,1173026.00,29016,1144010,757.00,428.00,1185.00,428,757,0.00,0.00,0,0
1423817811,s2-eth3,23142.00,913882.00,937024.00,913882,23142,339.00,605.00,944.00,605,339,0.00,0.00,0,0
1423817811,s2-eth2,5874.00,264950.00,270824.00,264950,5874,89.00,175.00,264.00,175,89,0.00,0.00,0,0
1423817811,s3-eth1,913882.00,23142.00,937024.00,23142,913882,605.00,339.00,944.00,339,605,0.00,0.00,0,0
1423817811,s3-eth3,13332.00,608628.00,621960.00,608628,13332,202.00,402.00,604.00,402,202,0.00,0.00,0,0
1423817811,s3-eth2,9810.00,302226.00,312036.00,302226,9810,137.00,201.00,338.00,201,137,0.00,0.00,0,0
1423817811,eth0,90.00,90.00,180.00,90,90,1.00,1.00,2.00,1,1,0.00,0.00,0,0
1423817811,lo,0.00,0.00,0.00,0,0,0.00,0.00,0.00,0,0,0.00,0.00,0,0
1423817811,s4-eth1,608628.00,13332.00,621960.00,13332,608628,402.00,202.00,604.00,202,402,0.00,0.00,0,0
1423817811,s4-eth3,7128.00,325510.00,332638.00,325510,7128,108.00,215.00,323.00,215,108,0.00,0.00,0,0
1423817811,s4-eth2,6204.00,283118.00,289322.00,283118,6204,94.00,187.00,281.00,187,94,0.00,0.00,0,0
1423817811,s5-eth1,325510.00,7128.00,332638.00,7128,325510,215.00,108.00,323.00,108,215,0.00,0.00,0,0
1423817811,s5-eth2,7128.00,328538.00,335666.00,328538,7128,108.00,217.00,325.00,217,108,0.00,0.00,0,0
1423817811,total,4347524.00,4348342.00,8695866.00,4348342,4347524,4354.00,4355.00,8709.00,4355,4354,0.00,0.00,0,0
1423817812,s1-eth1,1250494.00,28504.00,1278998.00,28504,1250494,827.00,430.00,1257.00,430,827,0.00,0.00,0,0
1423817812,s1-eth3,26070.00,1225574.00,1251644.00,1225574,26070,395.00,811.00,1206.00,811,395,0.00,0.00,0,0
1423817812,s1-eth2,2434.00,74186.00,76620.00,74186,2434,35.00,49.00,84.00,49,35,0.00,0.00,0,0
1423817812,s2-eth1,1225574.00,26070.00,1251644.00,26070,1225574,811.00,395.00,1206.00,395,811,0.00,0.00,0,0
1423817812,s2-eth3,21054.00,965166.00,986220.00,965166,21054,319.00,639.00,958.00,639,319,0.00,0.00,0,0
1423817812,s2-eth2,5016.00,225586.00,230602.00,225586,5016,76.00,149.00,225.00,149,76,0.00,0.00,0,0
1423817812,s3-eth1,965166.00,21054.00,986220.00,21054,965166,639.00,319.00,958.00,319,639,0.00,0.00,0,0
1423817812,s3-eth3,14784.00,678898.00,693682.00,678898,14784,224.00,449.00,673.00,449,224,0.00,0.00,0,0
1423817812,s3-eth2,6270.00,289296.00,295566.00,289296,6270,95.00,192.00,287.00,192,95,0.00,0.00,0,0
1423817812,eth0,0.00,0.00,0.00,0,0,0.00,0.00,0.00,0,0,0.00,0.00,0,0
1423817812,lo,0.00,0.00,0.00,0,0,0.00,0.00,0.00,0,0,0.00,0.00,0,0
1423817812,s4-eth1,678898.00,14784.00,693682.00,14784,678898,449.00,224.00,673.00,224,449,0.00,0.00,0,0
1423817812,s4-eth3,7326.00,339136.00,346462.00,339136,7326,111.00,224.00,335.00,224,111,0.00,0.00,0,0
1423817812,s4-eth2,7458.00,339762.00,347220.00,339762,7458,113.00,225.00,338.00,225,113,0.00,0.00,0,0
1423817812,s5-eth1,339136.00,7326.00,346462.00,7326,339136,224.00,111.00,335.00,111,224,0.00,0.00,0,0
1423817812,s5-eth2,7326.00,336108.00,343434.00,336108,7326,111.00,222.00,333.00,222,111,0.00,0.00,0,0
1423817812,total,4557006.00,4571450.00,9128456.00,4571450,4557006,4429.00,4439.00,8868.00,4439,4429,0.00,0.00,0,0
1423817813,s1-eth1,1250168.00,30570.00,1280738.00,30570,1250168,828.00,453.00,1281.00,453,828,0.00,0.00,0,0
1423817813,s1-eth3,28656.00,1153150.00,1181806.00,1153150,28656,424.00,763.00,1187.00,763,424,0.00,0.00,0,0
1423817813,s1-eth2,1782.00,75700.00,77482.00,75700,1782,27.00,50.00,77.00,50,27,0.00,0.00,0,0
1423817813,s2-eth1,1153150.00,28656.00,1181806.00,28656,1153150,763.00,424.00,1187.00,424,763,0.00,0.00,0,0
1423817813,s2-eth3,23442.00,933620.00,957062.00,933620,23442,345.00,618.00,963.00,618,345,0.00,0.00,0,0
1423817813,s2-eth2,5280.00,240726.00,246006.00,240726,5280,80.00,159.00,239.00,159,80,0.00,0.00,0,0
1423817813,s3-eth1,933620.00,23442.00,957062.00,23442,933620,618.00,345.00,963.00,345,618,0.00,0.00,0,0
1423817813,s3-eth3,15390.00,573166.00,588556.00,573166,15390,223.00,379.00,602.00,379,223,0.00,0.00,0,0
1423817813,s3-eth2,8052.00,357426.00,365478.00,357426,8052,122.00,237.00,359.00,237,122,0.00,0.00,0,0
1423817813,eth0,180.00,0.00,180.00,0,180,2.00,0.00,2.00,0,2,0.00,0.00,0,0
1423817813,lo,0.00,0.00,0.00,0,0,0.00,0.00,0.00,0,0,0.00,0.00,0,0
1423817813,s4-eth1,573166.00,15390.00,588556.00,15390,573166,379.00,223.00,602.00,223,379,0.00,0.00,0,0
1423817813,s4-eth3,7260.00,334594.00,341854.00,334594,7260,110.00,221.00,331.00,221,110,0.00,0.00,0,0
1423817813,s4-eth2,8130.00,238572.00,246702.00,238572,8130,113.00,158.00,271.00,158,113,0.00,0.00,0,0
1423817813,s5-eth1,334594.00,7260.00,341854.00,7260,334594,221.00,110.00,331.00,110,221,0.00,0.00,0,0
1423817813,s5-eth2,7260.00,334594.00,341854.00,334594,7260,110.00,221.00,331.00,221,110,0.00,0.00,0,0
1423817813,total,4350130.00,4346866.00,8696996.00,4346866,4350130,4365.00,4361.00,8726.00,4361,4365,0.00,0.00,0,0
1423817814,s1-eth1,1250564.00,33562.00,1284126.00,33562,1250564,826.00,473.00,1299.00,473,826,0.00,0.00,0,0
1423817814,s1-eth3,31714.00,1134084.00,1165798.00,1134084,31714,445.00,750.00,1195.00,750,445,0.00,0.00,0,0
1423817814,s1-eth2,1980.00,80242.00,82222.00,80242,1980,30.00,53.00,83.00,53,30,0.00,0.00,0,0
1423817814,s2-eth1,1134084.00,31714.00,1165798.00,31714,1134084,750.00,445.00,1195.00,445,750,0.00,0.00,0,0
1423817814,s2-eth3,25642.00,864494.00,890136.00,864494,25642,353.00,571.00,924.00,571,353,0.00,0.00,0,0
1423817814,s2-eth2,6006.00,281702.00,287708.00,281702,6006,91.00,187.00,278.00,187,91,0.00,0.00,0,0
1423817814,s3-eth1,864494.00,25642.00,890136.00,25642,864494,571.00,353.00,924.00,353,571,0.00,0.00,0,0
1423817814,s3-eth3,16264.00,602572.00,618836.00,602572,16264,228.00,398.00,626.00,398,228,0.00,0.00,0,0
1423817814,s3-eth2,9378.00,269492.00,278870.00,269492,9378,125.00,178.00,303.00,178,125,0.00,0.00,0,0
1423817814,eth0,0.00,90.00,90.00,90,0,0.00,1.00,1.00,1,0,0.00,0.00,0,0
1423817814,lo,860.00,860.00,1720.00,860,860,15.00,15.00,30.00,15,15,0.00,0.00,0,0
1423817814,s4-eth1,602572.00,16264.00,618836.00,16264,602572,398.00,228.00,626.00,228,398,0.00,0.00,0,0
1423817814,s4-eth3,7854.00,355790.00,363644.00,355790,7854,119.00,235.00,354.00,235,119,0.00,0.00,0,0
1423817814,s4-eth2,8410.00,246782.00,255192.00,246782,8410,109.00,163.00,272.00,163,109,0.00,0.00,0,0
1423817814,s5-eth1,355790.00,7854.00,363644.00,7854,355790,235.00,119.00,354.00,119,235,0.00,0.00,0,0
1423817814,s5-eth2,7788.00,358818.00,366606.00,358818,7788,118.00,237.00,355.00,237,118,0.00,0.00,0,0
1423817814,total,4323400.00,4309962.00,8633362.00,4309962,4323400,4413.00,4406.00,8819.00,4406,4413,0.00,0.00,0,0
1423817815,s1-eth1,1250784.00,28998.00,1279782.00,28998,1250784,828.00,437.00,1265.00,437,828,0.00,0.00,0,0
1423817815,s1-eth3,26754.00,1226462.00,1253216.00,1226462,26754,403.00,811.00,1214.00,811,403,0.00,0.00,0,0
1423817815,s1-eth2,2178.00,102952.00,105130.00,102952,2178,33.00,68.00,101.00,68,33,0.00,0.00,0,0
1423817815,s2-eth1,1226462.00,26754.00,1253216.00,26754,1226462,811.00,403.00,1214.00,403,811,0.00,0.00,0,0
1423817815,s2-eth3,20220.00,902344.00,922564.00,902344,20220,304.00,596.00,900.00,596,304,0.00,0.00,0,0
1423817815,s2-eth2,6600.00,293838.00,300438.00,293838,6600,100.00,195.00,295.00,195,100,0.00,0.00,0,0
1423817815,s3-eth1,902344.00,20220.00,922564.00,20220,902344,596.00,304.00,900.00,304,596,0.00,0.00,0,0
1423817815,s3-eth3,14412.00,641936.00,656348.00,641936,14412,216.00,424.00,640.00,424,216,0.00,0.00,0,0
1423817815,s3-eth2,5808.00,255866.00,261674.00,255866,5808,88.00,169.00,257.00,169,88,0.00,0.00,0,0
1423817815,eth0,0.00,0.00,0.00,0,0,0.00,0.00,0.00,0,0,0.00,0.00,0,0
1423817815,lo,0.00,0.00,0.00,0,0,0.00,0.00,0.00,0,0,0.00,0.00,0,0
1423817815,s4-eth1,641936.00,14412.00,656348.00,14412,641936,424.00,216.00,640.00,216,424,0.00,0.00,0,0
1423817815,s4-eth3,8778.00,422406.00,431184.00,422406,8778,133.00,279.00,412.00,279,133,0.00,0.00,0,0
1423817815,s4-eth2,5634.00,219530.00,225164.00,219530,5634,83.00,145.00,228.00,145,83,0.00,0.00,0,0
1423817815,s5-eth1,422406.00,8778.00,431184.00,8778,422406,279.00,133.00,412.00,133,279,0.00,0.00,0,0
1423817815,s5-eth2,8844.00,419378.00,428222.00,419378,8844,134.00,277.00,411.00,277,134,0.00,0.00,0,0
1423817815,total,4543160.00,4583874.00,9127034.00,4583874,4543160,4432.00,4457.00,8889.00,4457,4432,0.00,0.00,0,0
1423817816,s1-eth1,1249868.00,38288.00,1288156.00,38288,1249868,826.00,538.00,1364.00,538,826,0.00,0.00,0,0
1423817816,s1-eth3,34676.00,1164308.00,1198984.00,1164308,34676,488.00,770.00,1258.00,770,488,0.00,0.00,0,0
1423817816,s1-eth2,3612.00,87812.00,91424.00,87812,3612,50.00,58.00,108.00,58,50,0.00,0.00,0,0
1423817816,s2-eth1,1164308.00,34676.00,1198984.00,34676,1164308,770.00,488.00,1258.00,488,770,0.00,0.00,0,0
1423817816,s2-eth3,25890.00,890970.00,916860.00,890970,25890,367.00,589.00,956.00,589,367,0.00,0.00,0,0
1423817816,s2-eth2,8786.00,270310.00,279096.00,270310,8786,121.00,179.00,300.00,179,121,0.00,0.00,0,0
1423817816,s3-eth1,890970.00,25890.00,916860.00,25890,890970,589.00,367.00,956.00,367,589,0.00,0.00,0,0
1423817816,s3-eth3,16980.00,660842.00,677822.00,660842,16980,250.00,437.00,687.00,437,250,0.00,0.00,0,0
1423817816,s3-eth2,8910.00,230128.00,239038.00,230128,8910,117.00,152.00,269.00,152,117,0.00,0.00,0,0
1423817816,eth0,60.00,60.00,120.00,60,60,1.00,1.00,2.00,1,1,0.00,0.00,0,0
1423817816,lo,0.00,0.00,0.00,0,0,0.00,0.00,0.00,0,0,0.00,0.00,0,0
1423817816,s4-eth1,660842.00,16980.00,677822.00,16980,660842,437.00,250.00,687.00,250,437,0.00,0.00,0,0
1423817816,s4-eth3,9768.00,447368.00,457136.00,447368,9768,148.00,296.00,444.00,296,148,0.00,0.00,0,0
1423817816,s4-eth2,7212.00,213474.00,220686.00,213474,7212,102.00,141.00,243.00,141,102,0.00,0.00,0,0
1423817816,s5-eth1,447368.00,9768.00,457136.00,9768,447368,296.00,148.00,444.00,148,296,0.00,0.00,0,0
1423817816,s5-eth2,9768.00,447368.00,457136.00,447368,9768,148.00,296.00,444.00,296,148,0.00,0.00,0,0
1423817816,total,4539018.00,4538242.00,9077260.00,4538242,4539018,4710.00,4710.00,9420.00,4710,4710,0.00,0.00,0,0
1423817817,s1-eth1,1250850.00,28842.00,1279692.00,28842,1250850,829.00,433.00,1262.00,433,829,0.00,0.00,0,0
1423817817,s1-eth3,26070.00,1179772.00,1205842.00,1179772,26070,395.00,782.00,1177.00,782,395,0.00,0.00,0,0
1423817817,s1-eth2,2772.00,86298.00,89070.00,86298,2772,38.00,57.00,95.00,57,38,0.00,0.00,0,0
1423817817,s2-eth1,1179772.00,26070.00,1205842.00,26070,1179772,782.00,395.00,1177.00,395,782,0.00,0.00,0,0
1423817817,s2-eth3,19470.00,888144.00,907614.00,888144,19470,295.00,588.00,883.00,588,295,0.00,0.00,0,0
1423817817,s2-eth2,6600.00,294656.00,301256.00,294656,6600,100.00,196.00,296.00,196,100,0.00,0.00,0,0
1423817817,s3-eth1,888144.00,19470.00,907614.00,19470,888144,588.00,295.00,883.00,295,588,0.00,0.00,0,0
1423817817,s3-eth3,13596.00,623194.00,636790.00,623194,13596,206.00,413.00,619.00,413,206,0.00,0.00,0,0
1423817817,s3-eth2,5808.00,261922.00,267730.00,261922,5808,88.00,173.00,261.00,173,88,0.00,0.00,0,0
1423817817,eth0,0.00,0.00,0.00,0,0,0.00,0.00,0.00,0,0,0.00,0.00,0,0
1423817817,lo,0.00,0.00,0.00,0,0,0.00,0.00,0.00,0,0,0.00,0.00,0,0
1423817817,s4-eth1,623194.00,13596.00,636790.00,13596,623194,413.00,206.00,619.00,206,413,0.00,0.00,0,0
1423817817,s4-eth3,9174.00,414262.00,423436.00,414262,9174,139.00,275.00,414.00,275,139,0.00,0.00,0,0
1423817817,s4-eth2,4422.00,208932.00,213354.00,208932,4422,67.00,138.00,205.00,138,67,0.00,0.00,0,0
1423817817,s5-eth1,414262.00,9174.00,423436.00,9174,414262,275.00,139.00,414.00,139,275,0.00,0.00,0,0
1423817817,s5-eth2,9174.00,414262.00,423436.00,414262,9174,139.00,275.00,414.00,275,139,0.00,0.00,0,0
1423817817,total,4453308.00,4468594.00,8921902.00,4468594,4453308,4354.00,4365.00,8719.00,4365,4354,0.00,0.00,0,0
1423817818,s1-eth1,1251071.00,32619.38,1283690.38,32652,1252322,828.17,475.52,1303.70,476,829,0.00,0.00,0,0
1423817818,s1-eth3,30143.86,1223150.88,1253294.75,1224374,30174,442.56,810.19,1252.75,811,443,0.00,0.00,0,0
1423817818,s1-eth2,2541.46,48399.60,50941.06,48448,2544,33.97,31.97,65.93,32,34,0.00,0.00,0,0
1423817818,s2-eth1,1223150.88,30143.86,1253294.75,30174,1224374,810.19,442.56,1252.75,443,811,0.00,0.00,0,0
1423817818,s2-eth3,22021.98,1007560.44,1029582.44,1008568,22044,333.67,667.33,1001.00,668,334,0.00,0.00,0,0
1423817818,s2-eth2,8121.88,221640.36,229762.25,221862,8130,108.89,146.85,255.74,147,109,0.00,0.00,0,0
1423817818,s3-eth1,1007560.44,22021.98,1029582.44,22044,1008568,667.33,333.67,1001.00,334,668,0.00,0.00,0,0
1423817818,s3-eth3,16153.85,756487.56,772641.38,757244,16170,244.76,501.50,746.25,502,245,0.00,0.00,0,0
1423817818,s3-eth2,5868.13,251072.94,256941.06,251324,5874,88.91,165.83,254.75,166,89,0.00,0.00,0,0
1423817818,eth0,0.00,0.00,0.00,0,0,0.00,0.00,0.00,0,0,0.00,0.00,0,0
1423817818,lo,0.00,0.00,0.00,0,0,0.00,0.00,0.00,0,0,0.00,0.00,0,0
1423817818,s4-eth1,756487.56,16153.85,772641.38,16170,757244,501.50,244.76,746.25,245,502,0.00,0.00,0,0
1423817818,s4-eth3,11142.86,525076.94,536219.81,525602,11154,168.83,348.65,517.48,349,169,0.00,0.00,0,0
1423817818,s4-eth2,5010.99,231410.59,236421.58,231642,5016,75.92,152.85,228.77,153,76,0.00,0.00,0,0
1423817818,s5-eth1,525076.94,11142.86,536219.81,11154,525602,348.65,168.83,517.48,169,349,0.00,0.00,0,0
1423817818,s5-eth2,11142.86,525076.94,536219.81,525602,11154,168.83,348.65,517.48,349,169,0.00,0.00,0,0
1423817818,total,4875494.50,4901958.00,9777453.00,4906860,4880370,4822.18,4839.16,9661.34,4844,4827,0.00,0.00,0,0
1423817819,s1-eth1,1250046.00,29646.00,1279692.00,29646,1250046,827.00,445.00,1272.00,445,827,0.00,0.00,0,0
1423817819,s1-eth3,29040.00,1251438.00,1280478.00,1251438,29040,436.00,827.00,1263.00,827,436,0.00,0.00,0,0
1423817819,s1-eth2,606.00,16654.00,17260.00,16654,606,9.00,11.00,20.00,11,9,0.00,0.00,0,0
1423817819,s2-eth1,1251438.00,29040.00,1280478.00,29040,1251438,827.00,436.00,1263.00,436,827,0.00,0.00,0,0
1423817819,s2-eth3,24222.00,1045534.00,1069756.00,1045534,24222,363.00,691.00,1054.00,691,363,0.00,0.00,0,0
1423817819,s2-eth2,4818.00,222558.00,227376.00,222558,4818,73.00,147.00,220.00,147,73,0.00,0.00,0,0
1423817819,s3-eth1,1045534.00,24222.00,1069756.00,24222,1045534,691.00,363.00,1054.00,363,691,0.00,0.00,0,0
1423817819,s3-eth3,20130.00,857798.00,877928.00,857798,20130,301.00,567.00,868.00,567,301,0.00,0.00,0,0
1423817819,s3-eth2,4158.00,187736.00,191894.00,187736,4158,63.00,124.00,187.00,124,63,0.00,0.00,0,0
1423817819,eth0,90.00,90.00,180.00,90,90,1.00,1.00,2.00,1,1,0.00,0.00,0,0
1423817819,lo,860.00,860.00,1720.00,860,860,15.00,15.00,30.00,15,15,0.00,0.00,0,0
1423817819,s4-eth1,857798.00,20130.00,877928.00,20130,857798,567.00,301.00,868.00,301,567,0.00,0.00,0,0
1423817819,s4-eth3,14256.00,648866.00,663122.00,648866,14256,216.00,429.00,645.00,429,216,0.00,0.00,0,0
1423817819,s4-eth2,5808.00,208932.00,214740.00,208932,5808,84.00,138.00,222.00,138,84,0.00,0.00,0,0
1423817819,s5-eth1,648866.00,14256.00,663122.00,14256,648866,429.00,216.00,645.00,216,429,0.00,0.00,0,0
1423817819,s5-eth2,14256.00,648866.00,663122.00,648866,14256,216.00,429.00,645.00,429,216,0.00,0.00,0,0
1423817819,total,5171926.00,5206626.00,10378552.00,5206626,5171926,5118.00,5140.00,10258.00,5140,5118,0.00,0.00,0,0
1423817820,s1-eth1,1250808.00,37402.00,1288210.00,37402,1250808,828.00,535.00,1363.00,535,828,0.00,0.00,0,0
1423817820,s1-eth3,37074.00,1129688.00,1166762.00,1129688,37074,531.00,748.00,1279.00,748,531,0.00,0.00,0,0
1423817820,s1-eth2,328.00,12112.00,12440.00,12112,328,4.00,8.00,12.00,8,4,0.00,0.00,0,0
1423817820,s2-eth1,1129688.00,37074.00,1166762.00,37074,1129688,748.00,531.00,1279.00,531,748,0.00,0.00,0,0
1423817820,s2-eth3,30936.00,960120.00,991056.00,960120,30936,438.00,636.00,1074.00,636,438,0.00,0.00,0,0
1423817820,s2-eth2,6138.00,281604.00,287742.00,281604,6138,93.00,186.00,279.00,186,93,0.00,0.00,0,0
1423817820,s3-eth1,960120.00,30936.00,991056.00,30936,960120,636.00,438.00,1074.00,438,636,0.00,0.00,0,0
1423817820,s3-eth3,25590.00,728478.00,754068.00,728478,25590,357.00,483.00,840.00,483,357,0.00,0.00,0,0
1423817820,s3-eth2,5346.00,246782.00,252128.00,246782,5346,81.00,163.00,244.00,163,81,0.00,0.00,0,0
1423817820,eth0,90.00,90.00,180.00,90,90,1.00,1.00,2.00,1,1,0.00,0.00,0,0
1423817820,lo,0.00,0.00,0.00,0,0,0.00,0.00,0.00,0,0,0.00,0.00,0,0
1423817820,s4-eth1,728478.00,25590.00,754068.00,25590,728478,483.00,357.00,840.00,357,483,0.00,0.00,0,0
1423817820,s4-eth3,20292.00,549826.00,570118.00,549826,20292,280.00,365.00,645.00,365,280,0.00,0.00,0,0
1423817820,s4-eth2,5364.00,181680.00,187044.00,181680,5364,78.00,120.00,198.00,120,78,0.00,0.00,0,0
1423817820,s5-eth1,549826.00,20292.00,570118.00,20292,549826,365.00,280.00,645.00,280,365,0.00,0.00,0,0
1423817820,s5-eth2,20292.00,549826.00,570118.00,549826,20292,280.00,365.00,645.00,365,280,0.00,0.00,0,0
1423817820,total,4770370.00,4791500.00,9561870.00,4791500,4770370,5203.00,5216.00,10419.00,5216,5203,0.00,0.00,0,0
1423817821,s1-eth1,1250564.00,28126.00,1278690.00,28126,1250564,826.00,425.00,1251.00,425,826,0.00,0.00,0,0
1423817821,s1-eth3,26730.00,1250564.00,1277294.00,1250564,26730,405.00,826.00,1231.00,826,405,0.00,0.00,0,0
1423817821,s1-eth2,1330.00,34822.00,36152.00,34822,1330,19.00,23.00,42.00,23,19,0.00,0.00,0,0
1423817821,s2-eth1,1250564.00,26730.00,1277294.00,26730,1250564,826.00,405.00,1231.00,405,826,0.00,0.00,0,0
1423817821,s2-eth3,21780.00,1046174.00,1067954.00,1046174,21780,330.00,691.00,1021.00,691,330,0.00,0.00,0,0
1423817821,s2-eth2,4950.00,225586.00,230536.00,225586,4950,75.00,149.00,224.00,149,75,0.00,0.00,0,0
1423817821,s3-eth1,1046174.00,21780.00,1067954.00,21780,1046174,691.00,330.00,1021.00,330,691,0.00,0.00,0,0
1423817821,s3-eth3,16962.00,813018.00,829980.00,813018,16962,257.00,537.00,794.00,537,257,0.00,0.00,0,0
1423817821,s3-eth2,4752.00,222558.00,227310.00,222558,4752,72.00,147.00,219.00,147,72,0.00,0.00,0,0
1423817821,eth0,0.00,0.00,0.00,0,0,0.00,0.00,0.00,0,0,0.00,0.00,0,0
1423817821,lo,0.00,0.00,0.00,0,0,0.00,0.00,0.00,0,0,0.00,0.00,0,0
1423817821,s4-eth1,813018.00,16962.00,829980.00,16962,813018,537.00,257.00,794.00,257,537,0.00,0.00,0,0
1423817821,s4-eth3,13134.00,634366.00,647500.00,634366,13134,199.00,419.00,618.00,419,199,0.00,0.00,0,0
1423817821,s4-eth2,3828.00,180166.00,183994.00,180166,3828,58.00,119.00,177.00,119,58,0.00,0.00,0,0
1423817821,s5-eth1,634366.00,13134.00,647500.00,13134,634366,419.00,199.00,618.00,199,419,0.00,0.00,0,0
1423817821,s5-eth2,13134.00,634366.00,647500.00,634366,13134,199.00,419.00,618.00,419,199,0.00,0.00,0,0
1423817821,total,5101286.00,5148352.00,10249638.00,5148352,5101286,4913.00,4946.00,9859.00,4946,4913,0.00,0.00,0,0
1423817822,s1-eth1,1249472.00,27588.00,1277060.00,27588,1249472,828.00,418.00,1246.00,418,828,0.00,0.00,0,0
1423817822,s1-eth3,26598.00,1087344.00,1113942.00,1087344,26598,403.00,724.00,1127.00,724,403,0.00,0.00,0,0
1423817822,s1-eth2,1056.00,48448.00,49504.00,48448,1056,16.00,32.00,48.00,32,16,0.00,0.00,0,0
1423817822,s2-eth1,1087344.00,26598.00,1113942.00,26598,1087344,724.00,403.00,1127.00,403,724,0.00,0.00,0,0
1423817822,s2-eth3,20658.00,723628.00,744286.00,723628,20658,313.00,482.00,795.00,482,313,0.00,0.00,0,0
1423817822,s2-eth2,5874.00,204746.00,210620.00,204746,5874,89.00,137.00,226.00,137,89,0.00,0.00,0,0
1423817822,s3-eth1,723628.00,20658.00,744286.00,20658,723628,482.00,313.00,795.00,313,482,0.00,0.00,0,0
1423817822,s3-eth3,14058.00,440692.00,454750.00,440692,14058,213.00,294.00,507.00,294,213,0.00,0.00,0,0
1423817822,s3-eth2,6600.00,278394.00,284994.00,278394,6600,100.00,185.00,285.00,185,100,0.00,0.00,0,0
1423817822,eth0,0.00,0.00,0.00,0,0,0.00,0.00,0.00,0,0,0.00,0.00,0,0
1423817822,lo,0.00,0.00,0.00,0,0,0.00,0.00,0.00,0,0,0.00,0.00,0,0
1423817822,s4-eth1,440692.00,14058.00,454750.00,14058,440692,294.00,213.00,507.00,213,294,0.00,0.00,0,0
1423817822,s4-eth3,8976.00,207840.00,216816.00,207840,8976,136.00,140.00,276.00,140,136,0.00,0.00,0,0
1423817822,s4-eth2,5082.00,228310.00,233392.00,228310,5082,77.00,151.00,228.00,151,77,0.00,0.00,0,0
1423817822,s5-eth1,207840.00,8976.00,216816.00,8976,207840,140.00,136.00,276.00,136,140,0.00,0.00,0,0
1423817822,s5-eth2,8976.00,207840.00,216816.00,207840,8976,136.00,140.00,276.00,140,136,0.00,0.00,0,0
1423817822,total,3806854.00,3525120.00,7331974.00,3525120,3806854,3951.00,3768.00,7719.00,3768,3951,0.00,0.00,0,0
1423817823,eth0,0.00,0.00,0.00,0,0,0.00,0.00,0.00,0,0,0.00,0.00,0,0
1423817823,lo,1916.00,1916.00,3832.00,1916,1916,27.00,27.00,54.00,27,27,0.00,0.00,0,0
1423817823,total,18446744073709551616.00,18446744073709551616.00,18446744073709551616.00,18446744073575691651,18446744073576059217,18446744073709416448.00,18446744073709416448.00,18446744073709281280.00,18446744073709416908,18446744073709417009,0.00,0.00,0,0
1423817824,eth0,59.94,59.94,119.88,60,60,1.00,1.00,2.00,1,1,0.00,0.00,0,0
1423817824,lo,0.00,0.00,0.00,0,0,0.00,0.00,0.00,0,0,0.00,0.00,0,0
1423817824,total,59.94,59.94,119.88,60,60,1.00,1.00,2.00,1,1,0.00,0.00,0,0
1423817825,eth0,0.00,0.00,0.00,0,0,0.00,0.00,0.00,0,0,0.00,0.00,0,0
1423817825,lo,0.00,0.00,0.00,0,0,0.00,0.00,0.00,0,0,0.00,0.00,0,0
1423817825,total,0.00,0.00,0.00,0,0,0.00,0.00,0.00,0,0,0.00,0.00,0,0
1423817826,eth0,0.00,0.00,0.00,0,0,0.00,0.00,0.00,0,0,0.00,0.00,0,0
1423817826,lo,0.00,0.00,0.00,0,0,0.00,0.00,0.00,0,0,0.00,0.00,0,0
1423817826,total,0.00,0.00,0.00,0,0,0.00,0.00,0.00,0,0,0.00,0.00,0,0
1423817827,eth0,0.00,0.