1423817753,s1-eth1,0.00,0.00,0.00,0,0,0.00,0.00,0.00,0,0,0.00,0.00,0,0
1423817753,s1-eth3,0.00,0.00,0.00,0,0,0.00,0.00,0.00,0,0,0.00,0.00,0,0
1423817753,s1-eth2,0.00,0.00,0.00,0,0,0.00,0.00,0.00,0,0,0.00,0.00,0,0
1423817753,s2-eth1,0.00,0.00,0.00,0,0,0.00,0.00,0.00,0,0,0.00,0.00,0,0
1423817753,s2-eth3,0.00,0.00,0.00,0,0,0.00,0.00,0.00,0,0,0.00,0.00,0,0
1423817753,s2-eth2,0.00,0.00,0.00,0,0,0.00,0.00,0.00,0,0,0.00,0.00,0,0
1423817753,s3-eth1,0.00,0.00,0.00,0,0,0.00,0.00,0.00,0,0,0.00,0.00,0,0
1423817753,s3-eth3,0.00,0.00,0.00,0,0,0.00,0.00,0.00,0,0,0.00,0.00,0,0
1423817753,s3-eth2,0.00,0.00,0.00,0,0,0.00,0.00,0.00,0,0,0.00,0.00,0,0
1423817753,eth0,0.00,0.00,0.00,0,0,0.00,0.00,0.00,0,0,0.00,0.00,0,0
1423817753,lo,0.00,0.00,0.00,0,0,0.00,0.00,0.00,0,0,0.00,0.00,0,0
1423817753,s4-eth1,0.00,0.00,0.00,0,0,0.00,0.00,0.00,0,0,0.00,0.00,0,0
1423817753,s4-eth2,0.00,0.00,0.00,0,0,0.00,0.00,0.00,0,0,0.00,0.00,0,0
1423817753,total,0.00,0.00,0.00,0,0,0.00,0.00,0.00,0,0,0.00,0.00,0,0
1423817754,s1-eth1,1251052.00,28446.00,1279498.00,28446,1251052,830.00,431.00,1261.00,431,830,0.00,0.00,0,0
1423817754,s1-eth3,21978.00,986070.00,1008048.00,986070,21978,333.00,655.00,988.00,655,333,0.00,0.00,0,0
1423817754,s1-eth2,6492.00,287782.00,294274.00,287782,6492,98.00,191.00,289.00,191,98,0.00,0.00,0,0
1423817754,s2-eth1,986070.00,21978.00,1008048.00,21978,986070,655.00,333.00,988.00,333,655,0.00,0.00,0,0
1423817754,s2-eth3,14784.00,663466.00,678250.00,663466,14784,224.00,441.00,665.00,441,224,0.00,0.00,0,0
1423817754,s2-eth2,7350.00,322604.00,329954.00,322604,7350,111.00,214.00,325.00,214,111,0.00,0.00,0,0
1423817754,s3-eth1,663466.00,14784.00,678250.00,14784,663466,441.00,224.00,665.00,224,441,0.00,0.00,0,0
1423817754,s3-eth3,7548.00,330174.00,337722.00,330174,7548,114.00,219.00,333.00,219,114,0.00,0.00,0,0
1423817754,s3-eth2,7326.00,330264.00,337590.00,330264,7326,111.00,220.00,331.00,220,111,0.00,0.00,0,0
1423817754,eth0,0.00,90.00,90.00,90,0,0.00,1.00,1.00,1,0,0.00,0.00,0,0
1423817754,lo,1152.00,1152.00,2304.00,1152,1152,12.00,12.00,24.00,12,12,0.00,0.00,0,0
1423817754,s4-eth1,330174.00,7548.00,337722.00,7548,330174,219.00,114.00,333.00,114,219,0.00,0.00,0,0
1423817754,s4-eth2,7614.00,330174.00,337788.00,330174,7614,115.00,219.00,334.00,219,115,0.00,0.00,0,0
1423817754,total,3305006.00,3324532.00,6629538.00,3324532,3305006,3263.00,3274.00,6537.00,3274,3263,0.00,0.00,0,0
1423817755,s1-eth1,1249652.00,28314.00,1277966.00,28314,1249652,830.00,429.00,1259.00,429,830,0.00,0.00,0,0
1423817755,s1-eth3,21384.00,941468.00,962852.00,941468,21384,324.00,626.00,950.00,626,324,0.00,0.00,0,0
1423817755,s1-eth2,7086.00,317300.00,324386.00,317300,7086,107.00,210.00,317.00,210,107,0.00,0.00,0,0
1423817755,s2-eth1,941468.00,21384.00,962852.00,21384,941468,626.00,324.00,950.00,324,626,0.00,0.00,0,0
1423817755,s2-eth3,14652.00,647630.00,662282.00,647630,14652,222.00,431.00,653.00,431,222,0.00,0.00,0,0
1423817755,s2-eth2,6756.00,293838.00,300594.00,293838,6756,102.00,195.00,297.00,195,102,0.00,0.00,0,0
1423817755,s3-eth1,647630.00,14652.00,662282.00,14652,647630,431.00,222.00,653.00,222,431,0.00,0.00,0,0
1423817755,s3-eth3,7326.00,340166.00,347492.00,340166,7326,111.00,227.00,338.00,227,111,0.00,0.00,0,0
1423817755,s3-eth2,7416.00,324118.00,331534.00,324118,7416,112.00,215.00,327.00,215,112,0.00,0.00,0,0
1423817755,eth0,0.00,0.00,0.00,0,0,0.00,0.00,0.00,0,0,0.00,0.00,0,0
1423817755,lo,1152.00,1152.00,2304.00,1152,1152,12.00,12.00,24.00,12,12,0.00,0.00,0,0
1423817755,s4-eth1,340166.00,7326.00,347492.00,7326,340166,227.00,111.00,338.00,111,227,0.00,0.00,0,0
1423817755,s4-eth2,7260.00,341680.00,348940.00,341680,7260,110.00,228.00,338.00,228,110,0.00,0.00,0,0
1423817755,total,3251948.00,3279028.00,6530976.00,3279028,3251948,3214.00,3230.00,6444.00,3230,3214,0.00,0.00,0,0
1423817756,s1-eth1,1250356.00,28668.00,1279024.00,28668,1250356,830.00,434.00,1264.00,434,830,0.00,0.00,0,0
1423817756,s1-eth3,21936.00,991340.00,1013276.00,991340,21936,332.00,658.00,990.00,658,332,0.00,0.00,0,0
1423817756,s1-eth2,6756.00,306702.00,313458.00,306702,6756,102.00,203.00,305.00,203,102,0.00,0.00,0,0
1423817756,s2-eth1,991340.00,21936.00,1013276.00,21936,991340,658.00,332.00,990.00,332,658,0.00,0.00,0,0
1423817756,s2-eth3,14874.00,676306.00,691180.00,676306,14874,225.00,449.00,674.00,449,225,0.00,0.00,0,0
1423817756,s2-eth2,7218.00,315034.00,322252.00,315034,7218,109.00,209.00,318.00,209,109,0.00,0.00,0,0
1423817756,s3-eth1,676306.00,14874.00,691180.00,14874,676306,449.00,225.00,674.00,225,449,0.00,0.00,0,0
1423817756,s3-eth3,7416.00,319576.00,326992.00,319576,7416,112.00,212.00,324.00,212,112,0.00,0.00,0,0
1423817756,s3-eth2,7548.00,340076.00,347624.00,340076,7548,114.00,226.00,340.00,226,114,0.00,0.00,0,0
1423817756,eth0,90.00,90.00,180.00,90,90,1.00,1.00,2.00,1,1,0.00,0.00,0,0
1423817756,lo,1152.00,1152.00,2304.00,1152,1152,12.00,12.00,24.00,12,12,0.00,0.00,0,0
1423817756,s4-eth1,319576.00,7416.00,326992.00,7416,319576,212.00,112.00,324.00,112,212,0.00,0.00,0,0
1423817756,s4-eth2,7482.00,318062.00,325544.00,318062,7482,113.00,211.00,324.00,211,113,0.00,0.00,0,0
1423817756,total,3312050.00,3341232.00,6653282.00,3341232,3312050,3269.00,3284.00,6553.00,3284,3269,0.00,0.00,0,0
1423817757,s1-eth1,1250626.00,29044.00,1279670.00,29044,1250626,833.00,440.00,1273.00,440,833,0.00,0.00,0,0
1423817757,s1-eth3,22442.00,999302.00,1021744.00,999302,22442,341.00,669.00,1010.00,669,341,0.00,0.00,0,0
1423817757,s1-eth2,7270.00,300090.00,307360.00,300090,7270,111.00,203.00,314.00,203,111,0.00,0.00,0,0
1423817757,s2-eth1,999302.00,22442.00,1021744.00,22442,999302,669.00,341.00,1010.00,341,669,0.00,0.00,0,0
1423817757,s2-eth3,15492.00,681974.00,697466.00,681974,15492,236.00,459.00,695.00,459,236,0.00,0.00,0,0
1423817757,s2-eth2,7468.00,317496.00,324964.00,317496,7468,114.00,214.00,328.00,214,114,0.00,0.00,0,0
1423817757,s3-eth1,681974.00,15492.00,697466.00,15492,681974,459.00,236.00,695.00,236,459,0.00,0.00,0,0
1423817757,s3-eth3,8260.00,358440.00,366700.00,358440,8260,126.00,242.00,368.00,242,126,0.00,0.00,0,0
1423817757,s3-eth2,7666.00,323618.00,331284.00,323618,7666,117.00,219.00,336.00,219,117,0.00,0.00,0,0
1423817757,eth0,0.00,0.00,0.00,0,0,0.00,0.00,0.00,0,0,0.00,0.00,0,0
1423817757,lo,13792.00,13792.00,27584.00,13792,13792,136.00,136.00,272.00,136,136,0.00,0.00,0,0
1423817757,s4-eth1,358440.00,8260.00,366700.00,8260,358440,242.00,126.00,368.00,126,242,0.00,0.00,0,0
1423817757,s4-eth2,8260.00,358440.00,366700.00,358440,8260,126.00,242.00,368.00,242,126,0.00,0.00,0,0
1423817757,total,3380992.00,3428390.00,6809382.00,3428390,3380992,3510.00,3527.00,7037.00,3527,3510,0.00,0.00,0,0
1423817758,s1-eth1,1250324.00,37858.00,1288182.00,37858,1250324,830.00,535.00,1365.00,535,830,0.00,0.00,0,0
1423817758,s1-eth3,29082.00,945070.00,974152.00,945070,29082,413.00,627.00,1040.00,627,413,0.00,0.00,0,0
1423817758,s1-eth2,8866.00,266586.00,275452.00,266586,8866,123.00,177.00,300.00,177,123,0.00,0.00,0,0
1423817758,s2-eth1,945070.00,29082.00,974152.00,29082,945070,627.00,413.00,1040.00,413,627,0.00,0.00,0,0
1423817758,s2-eth3,19018.00,686086.00,705104.00,686086,19018,273.00,455.00,728.00,455,273,0.00,0.00,0,0
1423817758,s2-eth2,10088.00,327114.00,337202.00,327114,10088,140.00,217.00,357.00,217,140,0.00,0.00,0,0
1423817758,s3-eth1,686086.00,19018.00,705104.00,19018,686086,455.00,273.00,728.00,273,455,0.00,0.00,0,0
1423817758,s3-eth3,7746.00,340772.00,348518.00,340772,7746,117.00,226.00,343.00,226,117,0.00,0.00,0,0
1423817758,s3-eth2,11362.00,348342.00,359704.00,348342,11362,157.00,231.00,388.00,231,157,0.00,0.00,0,0
1423817758,eth0,0.00,0.00,0.00,0,0,0.00,0.00,0.00,0,0,0.00,0.00,0,0
1423817758,lo,1152.00,1152.00,2304.00,1152,1152,12.00,12.00,24.00,12,12,0.00,0.00,0,0
1423817758,s4-eth1,340772.00,7746.00,348518.00,7746,340772,226.00,117.00,343.00,117,226,0.00,0.00,0,0
1423817758,s4-eth2,7746.00,340772.00,348518.00,340772,7746,117.00,226.00,343.00,226,117,0.00,0.00,0,0
1423817758,total,3317312.00,3349598.00,6666910.00,3349598,3317312,3490.00,3509.00,6999.00,3509,3490,0.00,0.00,0,0
1423817759,s1-eth1,1250898.00,36972.00,1287870.00,36972,1250898,829.00,514.00,1343.00,514,829,0.00,0.00,0,0
1423817759,s1-eth3,28774.00,1026904.00,1055678.00,1026904,28774,403.00,680.00,1083.00,680,403,0.00,0.00,0,0
1423817759,s1-eth2,8222.00,240816.00,249038.00,240816,8222,111.00,160.00,271.00,160,111,0.00,0.00,0,0
1423817759,s2-eth1,1026904.00,28774.00,1055678.00,28774,1026904,680.00,403.00,1083.00,403,680,0.00,0.00,0,0
1423817759,s2-eth3,20524.00,589942.00,610466.00,589942,20524,278.00,391.00,669.00,391,278,0.00,0.00,0,0
1423817759,s2-eth2,8406.00,371860.00,380266.00,371860,8406,127.00,246.00,373.00,246,127,0.00,0.00,0,0
1423817759,s3-eth1,589942.00,20524.00,610466.00,20524,589942,391.00,278.00,669.00,278,391,0.00,0.00,0,0
1423817759,s3-eth3,12736.00,240848.00,253584.00,240848,12736,160.00,160.00,320.00,160,160,0.00,0.00,0,0
1423817759,s3-eth2,7878.00,346066.00,353944.00,346066,7878,119.00,229.00,348.00,229,119,0.00,0.00,0,0
1423817759,eth0,60.00,60.00,120.00,60,60,1.00,1.00,2.00,1,1,0.00,0.00,0,0
1423817759,lo,1152.00,1152.00,2304.00,1152,1152,12.00,12.00,24.00,12,12,0.00,0.00,0,0
1423817759,s4-eth1,240848.00,12736.00,253584.00,12736,240848,160.00,160.00,320.00,160,160,0.00,0.00,0,0
1423817759,s4-eth2,12736.00,240848.00,253584.00,240848,12736,160.00,160.00,320.00,160,160,0.00,0.00,0,0
1423817759,total,3209080.00,3157502.00,6366582.00,3157502,3209080,3431.00,3394.00,6825.00,3394,3431,0.00,0.00,0,0
1423817760,s1-eth1,1250336.00,27918.00,1278254.00,27918,1250336,828.00,423.00,1251.00,423,828,0.00,0.00,0,0
1423817760,s1-eth3,21582.00,983582.00,1005164.00,983582,21582,327.00,651.00,978.00,651,327,0.00,0.00,0,0
1423817760,s1-eth2,6402.00,284632.00,291034.00,284632,6402,97.00,188.00,285.00,188,97,0.00,0.00,0,0
1423817760,s2-eth1,983582.00,21582.00,1005164.00,21582,983582,651.00,327.00,978.00,327,651,0.00,0.00,0,0
1423817760,s2-eth3,10956.00,501256.00,512212.00,501256,10956,166.00,332.00,498.00,332,166,0.00,0.00,0,0
1423817760,s2-eth2,10626.00,479298.00,489924.00,479298,10626,161.00,317.00,478.00,317,161,0.00,0.00,0,0
1423817760,s3-eth1,501256.00,10956.00,512212.00,10956,501256,332.00,166.00,498.00,166,332,0.00,0.00,0,0
1423817760,s3-eth3,396.00,25738.00,26134.00,25738,396,6.00,17.00,23.00,17,6,0.00,0.00,0,0
1423817760,s3-eth2,10560.00,475518.00,486078.00,475518,10560,160.00,315.00,475.00,315,160,0.00,0.00,0,0
1423817760,eth0,0.00,0.00,0.00,0,0,0.00,0.00,0.00,0,0,0.00,0.00,0,0
1423817760,lo,0.00,0.00,0.00,0,0,0.00,0.00,0.00,0,0,0.00,0.00,0,0
1423817760,s4-eth1,25738.00,396.00,26134.00,396,25738,17.00,6.00,23.00,6,17,0.00,0.00,0,0
1423817760,s4-eth2,396.00,25738.00,26134.00,25738,396,6.00,17.00,23.00,17,6,0.00,0.00,0,0
1423817760,total,2821830.00,2836614.00,5658444.00,2836614,2821830,2751.00,2759.00,5510.00,2759,2751,0.00,0.00,0,0
1423817761,s1-eth1,1250392.00,27988.00,1278380.00,27988,1250392,832.00,424.00,1256.00,424,832,0.00,0.00,0,0
1423817761,s1-eth3,21986.00,1011110.00,1033096.00,1011110,21986,333.00,673.00,1006.00,673,333,0.00,0.00,0,0
1423817761,s1-eth2,6286.00,274104.00,280390.00,274104,6286,95.00,182.00,277.00,182,95,0.00,0.00,0,0
1423817761,s2-eth1,1011110.00,21986.00,1033096.00,21986,1011110,673.00,333.00,1006.00,333,673,0.00,0.00,0,0
1423817761,s2-eth3,13278.00,614250.00,627528.00,614250,13278,201.00,409.00,610.00,409,201,0.00,0.00,0,0
1423817761,s2-eth2,9058.00,396860.00,405918.00,396860,9058,137.00,264.00,401.00,264,137,0.00,0.00,0,0
1423817761,s3-eth1,614250.00,13278.00,627528.00,13278,614250,409.00,201.00,610.00,201,409,0.00,0.00,0,0
1423817761,s3-eth3,3580.00,177208.00,180788.00,177208,3580,54.00,118.00,172.00,118,54,0.00,0.00,0,0
1423817761,s3-eth2,10048.00,437042.00,447090.00,437042,10048,152.00,291.00,443.00,291,152,0.00,0.00,0,0
1423817761,eth0,0.00,60.00,60.00,60,0,0.00,1.00,1.00,1,0,0.00,0.00,0,0
1423817761,lo,5360.00,5360.00,10720.00,5360,5360,60.00,60.00,120.00,60,60,0.00,0.00,0,0
1423817761,s4-eth1,177208.00,3580.00,180788.00,3580,177208,118.00,54.00,172.00,54,118,0.00,0.00,0,0
1423817761,s4-eth2,3580.00,177208.00,180788.00,177208,3580,54.00,118.00,172.00,118,54,0.00,0.00,0,0
1423817761,total,3126136.00,3160034.00,6286170.00,3160034,3126136,3118.00,3128.00,6246.00,3128,3118,0.00,0.00,0,0
1423817762,s1-eth1,1250930.00,27786.00,1278716.00,27786,1250930,829.00,421.00,1250.00,421,829,0.00,0.00,0,0
1423817762,s1-eth3,22044.00,996700.00,1018744.00,996700,22044,334.00,662.00,996.00,662,334,0.00,0.00,0,0
1423817762,s1-eth2,5808.00,260408.00,266216.00,260408,5808,88.00,172.00,260.00,172,88,0.00,0.00,0,0
1423817762,s2-eth1,996700.00,22044.00,1018744.00,22044,996700,662.00,334.00,996.00,334,662,0.00,0.00,0,0
1423817762,s2-eth3,13200.00,602816.00,616016.00,602816,13200,200.00,400.00,600.00,400,200,0.00,0.00,0,0
1423817762,s2-eth2,8778.00,393884.00,402662.00,393884,8778,133.00,262.00,395.00,262,133,0.00,0.00,0,0
1423817762,s3-eth1,602816.00,13200.00,616016.00,13200,602816,400.00,200.00,600.00,200,400,0.00,0.00,0,0
1423817762,s3-eth3,5478.00,252838.00,258316.00,252838,5478,83.00,167.00,250.00,167,83,0.00,0.00,0,0
1423817762,s3-eth2,7722.00,354520.00,362242.00,354520,7722,117.00,236.00,353.00,236,117,0.00,0.00,0,0
1423817762,eth0,0.00,0.00,0.00,0,0,0.00,0.00,0.00,0,0,0.00,0.00,0,0
1423817762,lo,0.00,0.00,0.00,0,0,0.00,0.00,0.00,0,0,0.00,0.00,0,0
1423817762,s4-eth1,252838.00,5478.00,258316.00,5478,252838,167.00,83.00,250.00,83,167,0.00,0.00,0,0
1423817762,s4-eth2,5478.00,252838.00,258316.00,252838,5478,83.00,167.00,250.00,167,83,0.00,0.00,0,0
1423817762,total,3171792.00,3182512.00,6354304.00,3182512,3171792,3096.00,3104.00,6200.00,3104,3096,0.00,0.00,0,0
1423817763,s1-eth1,1249416.00,27654.00,1277070.00,27654,1249416,828.00,419.00,1247.00,419,828,0.00,0.00,0,0
1423817763,s1-eth3,22770.00,1061558.00,1084328.00,1061558,22770,345.00,703.00,1048.00,703,345,0.00,0.00,0,0
1423817763,s1-eth2,4884.00,221044.00,225928.00,221044,4884,74.00,146.00,220.00,146,74,0.00,0.00,0,0
1423817763,s2-eth1,1061558.00,22770.00,1084328.00,22770,1061558,703.00,345.00,1048.00,345,703,0.00,0.00,0,0
1423817763,s2-eth3,14586.00,679908.00,694494.00,679908,14586,221.00,450.00,671.00,450,221,0.00,0.00,0,0
1423817763,s2-eth2,8184.00,383164.00,391348.00,383164,8184,124.00,254.00,378.00,254,124,0.00,0.00,0,0
1423817763,s3-eth1,679908.00,14586.00,694494.00,14586,679908,450.00,221.00,671.00,221,450,0.00,0.00,0,0
1423817763,s3-eth3,5808.00,278576.00,284384.00,278576,5808,88.00,184.00,272.00,184,88,0.00,0.00,0,0
1423817763,s3-eth2,8778.00,396790.00,405568.00,396790,8778,133.00,263.00,396.00,263,133,0.00,0.00,0,0
1423817763,eth0,0.00,0.00,0.00,0,0,0.00,0.00,0.00,0,0,0.00,0.00,0,0
1423817763,lo,0.00,0.00,0.00,0,0,0.00,0.00,0.00,0,0,0.00,0.00,0,0
1423817763,s4-eth1,278576.00,5808.00,284384.00,5808,278576,184.00,88.00,272.00,88,184,0.00,0.00,0,0
1423817763,s4-eth2,5808.00,278576.00,284384.00,278576,5808,88.00,184.00,272.00,184,88,0.00,0.00,0,0
1423817763,total,3340276.00,3370434.00,6710710.00,3370434,3340276,3238.00,3257.00,6495.00,3257,3238,0.00,0.00,0,0
1423817764,s1-eth1,1250930.00,27654.00,1278584.00,27654,1250930,829.00,419.00,1248.00,419,829,0.00,0.00,0,0
1423817764,s1-eth3,21780.00,978410.00,1000190.00,978410,21780,330.00,649.00,979.00,649,330,0.00,0.00,0,0
1423817764,s1-eth2,5874.00,274034.00,279908.00,274034,5874,89.00,181.00,270.00,181,89,0.00,0.00,0,0
1423817764,s2-eth1,978410.00,21780.00,1000190.00,21780,978410,649.00,330.00,979.00,330,649,0.00,0.00,0,0
1423817764,s2-eth3,14256.00,645904.00,660160.00,645904,14256,216.00,428.00,644.00,428,216,0.00,0.00,0,0
1423817764,s2-eth2,7590.00,330992.00,338582.00,330992,7590,115.00,220.00,335.00,220,115,0.00,0.00,0,0
1423817764,s3-eth1,645904.00,14256.00,660160.00,14256,645904,428.00,216.00,644.00,216,428,0.00,0.00,0,0
1423817764,s3-eth3,7128.00,333080.00,340208.00,333080,7128,108.00,220.00,328.00,220,108,0.00,0.00,0,0
1423817764,s3-eth2,7062.00,315852.00,322914.00,315852,7062,107.00,210.00,317.00,210,107,0.00,0.00,0,0
1423817764,eth0,0.00,0.00,0.00,0,0,0.00,0.00,0.00,0,0,0.00,0.00,0,0
1423817764,lo,0.00,0.00,0.00,0,0,0.00,0.00,0.00,0,0,0.00,0.00,0,0
1423817764,s4-eth1,333080.00,7128.00,340208.00,7128,333080,220.00,108.00,328.00,108,220,0.00,0.00,0,0
1423817764,s4-eth2,7128.00,333080.00,340208.00,333080,7128,108.00,220.00,328.00,220,108,0.00,0.00,0,0
1423817764,total,3279142.00,3282170.00,6561312.00,3282170,3279142,3199.00,3201.00,6400.00,3201,3199,0.00,0.00,0,0
1423817765,s1-eth1,1249990.00,37498.00,1287488.00,37498,1249990,827.00,521.00,1348.00,521,827,0.00,0.00,0,0
1423817765,s1-eth3,29818.00,1025918.00,1055736.00,1025918,29818,417.00,679.00,1096.00,679,417,0.00,0.00,0,0
1423817765,s1-eth2,7586.00,252838.00,260424.00,252838,7586,103.00,167.00,270.00,167,103,0.00,0.00,0,0
1423817765,s2-eth1,1025918.00,29818.00,1055736.00,29818,1025918,679.00,417.00,1096.00,417,679,0.00,0.00,0,0
1423817765,s2-eth3,19102.00,726024.00,745126.00,726024,19102,269.00,480.00,749.00,480,269,0.00,0.00,0,0
1423817765,s2-eth2,10638.00,299894.00,310532.00,299894,10638,147.00,199.00,346.00,199,147,0.00,0.00,0,0
1423817765,s3-eth1,726024.00,19102.00,745126.00,19102,726024,480.00,269.00,749.00,269,480,0.00,0.00,0,0
1423817765,s3-eth3,9312.00,431490.00,440802.00,431490,9312,140.00,285.00,425.00,285,140,0.00,0.00,0,0
1423817765,s3-eth2,9778.00,291506.00,301284.00,291506,9778,129.00,193.00,322.00,193,129,0.00,0.00,0,0
1423817765,eth0,0.00,0.00,0.00,0,0,0.00,0.00,0.00,0,0,0.00,0.00,0,0
1423817765,lo,688.00,688.00,1376.00,688,688,12.00,12.00,24.00,12,12,0.00,0.00,0,0
1423817765,s4-eth1,431490.00,9312.00,440802.00,9312,431490,285.00,140.00,425.00,140,285,0.00,0.00,0,0
1423817765,s4-eth2,9234.00,431490.00,440724.00,431490,9234,139.00,285.00,424.00,285,139,0.00,0.00,0,0
1423817765,total,3529578.00,3555578.00,7085156.00,3555578,3529578,3627.00,3647.00,7274.00,3647,3627,0.00,0.00,0,0
1423817766,s1-eth1,1251088.00,39652.00,1290740.00,39652,1251088,828.00,548.00,1376.00,548,828,0.00,0.00,0,0
1423817766,s1-eth3,31740.00,943746.00,975486.00,943746,31740,438.00,625.00,1063.00,625,438,0.00,0.00,0,0
1423817766,s1-eth2,7940.00,284632.00,292572.00,284632,7940,110.00,188.00,298.00,188,110,0.00,0.00,0,0
1423817766,s2-eth1,943746.00,31740.00,975486.00,31740,943746,625.00,438.00,1063.00,438,625,0.00,0.00,0,0
1423817766,s2-eth3,22008.00,640946.00,662954.00,640946,22008,300.00,425.00,725.00,425,300,0.00,0.00,0,0
1423817766,s2-eth2,9810.00,302800.00,312610.00,302800,9810,139.00,200.00,339.00,200,139,0.00,0.00,0,0
1423817766,s3-eth1,640946.00,22008.00,662954.00,22008,640946,425.00,300.00,725.00,300,425,0.00,0.00,0,0
1423817766,s3-eth3,12738.00,369818.00,382556.00,369818,12738,173.00,245.00,418.00,245,173,0.00,0.00,0,0
1423817766,s3-eth2,9348.00,271128.00,280476.00,271128,9348,128.00,180.00,308.00,180,128,0.00,0.00,0,0
1423817766,eth0,0.00,0.00,0.00,0,0,0.00,0.00,0.00,0,0,0.00,0.00,0,0
1423817766,lo,0.00,0.00,0.00,0,0,0.00,0.00,0.00,0,0,0.00,0.00,0,0
1423817766,s4-eth1,369818.00,12738.00,382556.00,12738,369818,245.00,173.00,418.00,173,245,0.00,0.00,0,0
1423817766,s4-eth2,12816.00,372846.00,385662.00,372846,12816,174.00,247.00,421.00,247,174,0.00,0.00,0,0
1423817766,total,3311998.00,3292054.00,6604052.00,3292054,3311998,3585.00,3569.00,7154.00,3569,3585,0.00,0.00,0,0
1423817767,s1-eth1,1250564.00,27522.00,1278086.00,27522,1250564,826.00,417.00,1243.00,417,826,0.00,0.00,0,0
1423817767,s1-eth3,21252.00,984100.00,1005352.00,984100,21252,322.00,650.00,972.00,650,322,0.00,0.00,0,0
1423817767,s1-eth2,6270.00,299772.00,306042.00,299772,6270,95.00,198.00,293.00,198,95,0.00,0.00,0,0
1423817767,s2-eth1,984100.00,21252.00,1005352.00,21252,984100,650.00,322.00,972.00,322,650,0.00,0.00,0,0
1423817767,s2-eth3,15312.00,711580.00,726892.00,711580,15312,232.00,470.00,702.00,470,232,0.00,0.00,0,0
1423817767,s2-eth2,5940.00,272520.00,278460.00,272520,5940,90.00,180.00,270.00,180,90,0.00,0.00,0,0
1423817767,s3-eth1,711580.00,15312.00,726892.00,15312,711580,470.00,232.00,702.00,232,470,0.00,0.00,0,0
1423817767,s3-eth3,8778.00,413322.00,422100.00,413322,8778,133.00,273.00,406.00,273,133,0.00,0.00,0,0
1423817767,s3-eth2,6534.00,298258.00,304792.00,298258,6534,99.00,197.00,296.00,197,99,0.00,0.00,0,0
1423817767,eth0,0.00,0.00,0.00,0,0,0.00,0.00,0.00,0,0,0.00,0.00,0,0
1423817767,lo,0.00,0.00,0.00,0,0,0.00,0.00,0.00,0,0,0.00,0.00,0,0
1423817767,s4-eth1,413322.00,8778.00,422100.00,8778,413322,273.00,133.00,406.00,133,273,0.00,0.00,0,0
1423817767,s4-eth2,8778.00,413322.00,422100.00,413322,8778,133.00,273.00,406.00,273,133,0.00,0.00,0,0
1423817767,total,3432430.00,3465738.00,6898168.00,3465738,3432430,3323.00,3345.00,6668.00,3345,3323,0.00,0.00,0,0
1423817768,s1-eth1,1250564.00,29748.00,1280312.00,29748,1250564,826.00,442.00,1268.00,442,826,0.00,0.00,0,0
1423817768,s1-eth3,22110.00,1009838.00,1031948.00,1009838,22110,335.00,667.00,1002.00,667,335,0.00,0.00,0,0
1423817768,s1-eth2,7704.00,230128.00,237832.00,230128,7704,108.00,152.00,260.00,152,108,0.00,0.00,0,0
1423817768,s2-eth1,1009838.00,22110.00,1031948.00,22110,1009838,667.00,335.00,1002.00,335,667,0.00,0.00,0,0
1423817768,s2-eth3,15378.00,704010.00,719388.00,704010,15378,233.00,465.00,698.00,465,233,0.00,0.00,0,0
1423817768,s2-eth2,6666.00,305828.00,312494.00,305828,6666,101.00,202.00,303.00,202,101,0.00,0.00,0,0
1423817768,s3-eth1,704010.00,15378.00,719388.00,15378,704010,465.00,233.00,698.00,233,465,0.00,0.00,0,0
1423817768,s3-eth3,9306.00,429976.00,439282.00,429976,9306,141.00,284.00,425.00,284,141,0.00,0.00,0,0
1423817768,s3-eth2,6072.00,274034.00,280106.00,274034,6072,92.00,181.00,273.00,181,92,0.00,0.00,0,0
1423817768,eth0,0.00,0.00,0.00,0,0,0.00,0.00,0.00,0,0,0.00,0.00,0,0
1423817768,lo,0.00,0.00,0.00,0,0,0.00,0.00,0.00,0,0,0.00,0.00,0,0
1423817768,s4-eth1,429976.00,9306.00,439282.00,9306,429976,284.00,141.00,425.00,141,284,0.00,0.00,0,0
1423817768,s4-eth2,9306.00,426948.00,436254.00,426948,9306,141.00,282.00,423.00,282,141,0.00,0.00,0,0
1423817768,total,3470930.00,3457304.00,6928234.00,3457304,3470930,3393.00,3384.00,6777.00,3384,3393,0.00,0.00,0,0
1423817769,s1-eth1,1250564.00,27654.00,1278218.00,27654,1250564,826.00,419.00,1245.00,419,826,0.00,0.00,0,0
1423817769,s1-eth3,22308.00,1021950.00,1044258.00,1021950,22308,338.00,675.00,1013.00,675,338,0.00,0.00,0,0
1423817769,s1-eth2,5280.00,239212.00,244492.00,239212,5280,80.00,158.00,238.00,158,80,0.00,0.00,0,0
1423817769,s2-eth1,1021950.00,22308.00,1044258.00,22308,1021950,675.00,338.00,1013.00,338,675,0.00,0.00,0,0
1423817769,s2-eth3,16302.00,743374.00,759676.00,743374,16302,247.00,491.00,738.00,491,247,0.00,0.00,0,0
1423817769,s2-eth2,6072.00,278576.00,284648.00,278576,6072,92.00,184.00,276.00,184,92,0.00,0.00,0,0
1423817769,s3-eth1,743374.00,16302.00,759676.00,16302,743374,491.00,247.00,738.00,247,491,0.00,0.00,0,0
1423817769,s3-eth3,9834.00,451172.00,461006.00,451172,9834,149.00,298.00,447.00,298,149,0.00,0.00,0,0
1423817769,s3-eth2,6468.00,292202.00,298670.00,292202,6468,98.00,193.00,291.00,193,98,0.00,0.00,0,0
1423817769,eth0,0.00,0.00,0.00,0,0,0.00,0.00,0.00,0,0,0.00,0.00,0,0
1423817769,lo,0.00,0.00,0.00,0,0,0.00,0.00,0.00,0,0,0.00,0.00,0,0
1423817769,s4-eth1,451172.00,9834.00,461006.00,9834,451172,298.00,149.00,447.00,149,298,0.00,0.00,0,0
1423817769,s4-eth2,9834.00,451172.00,461006.00,451172,9834,149.00,298.00,447.00,298,149,0.00,0.00,0,0
1423817769,total,3543158.00,3553756.00,7096914.00,3553756,3543158,3443.00,3450.00,6893.00,3450,3443,0.00,0.00,0,0
1423817770,s1-eth1,1250564.00,27522.00,1278086.00,27522,1250564,826.00,417.00,1243.00,417,826,0.00,0.00,0,0
1423817770,s1-eth3,21780.00,988642.00,1010422.00,988642,21780,330.00,653.00,983.00,653,330,0.00,0.00,0,0
1423817770,s1-eth2,5808.00,261922.00,267730.00,261922,5808,88.00,173.00,261.00,173,88,0.00,0.00,0,0
1423817770,s2-eth1,988642.00,21780.00,1010422.00,21780,988642,653.00,330.00,983.00,330,653,0.00,0.00,0,0
1423817770,s2-eth3,15840.00,716122.00,731962.00,716122,15840,240.00,473.00,713.00,473,240,0.00,0.00,0,0
1423817770,s2-eth2,5940.00,275548.00,281488.00,275548,5940,90.00,182.00,272.00,182,90,0.00,0.00,0,0
1423817770,s3-eth1,716122.00,15840.00,731962.00,15840,716122,473.00,240.00,713.00,240,473,0.00,0.00,0,0
1423817770,s3-eth3,9438.00,429976.00,439414.00,429976,9438,143.00,284.00,427.00,284,143,0.00,0.00,0,0
1423817770,s3-eth2,6336.00,286146.00,292482.00,286146,6336,96.00,189.00,285.00,189,96,0.00,0.00,0,0
1423817770,eth0,0.00,0.00,0.00,0,0,0.00,0.00,0.00,0,0,0.00,0.00,0,0
1423817770,lo,688.00,688.00,1376.00,688,688,12.00,12.00,24.00,12,12,0.00,0.00,0,0
1423817770,s4-eth1,429976.00,9438.00,439414.00,9438,429976,284.00,143.00,427.00,143,284,0.00,0.00,0,0
1423817770,s4-eth2,9438.00,429976.00,439414.00,429976,9438,143.00,284.00,427.00,284,143,0.00,0.00,0,0
1423817770,total,3460572.00,3463600.00,6924172.00,3463600,3460572,3378.00,3380.00,6758.00,3380,3378,0.00,0.00,0,0
1423817771,s1-eth1,1249956.00,30198.00,1280154.00,30198,1249956,826.00,445.00,1271.00,445,826,0.00,0.00,0,0
1423817771,s1-eth3,23892.00,1109154.00,1133046.00,1109154,23892,362.00,733.00,1095.00,733,362,0.00,0.00,0,0
1423817771,s1-eth2,6240.00,151400.00,157640.00,151400,6240,82.00,100.00,182.00,100,82,0.00,0.00,0,0
1423817771,s2-eth1,1109154.00,23892.00,1133046.00,23892,1109154,733.00,362.00,1095.00,362,733,0.00,0.00,0,0
1423817771,s2-eth3,17160.00,796116.00,813276.00,796116,17160,260.00,526.00,786.00,526,260,0.00,0.00,0,0
1423817771,s2-eth2,6732.00,310010.00,316742.00,310010,6732,102.00,205.00,307.00,205,102,0.00,0.00,0,0
1423817771,s3-eth1,796116.00,17160.00,813276.00,17160,796116,526.00,260.00,786.00,260,526,0.00,0.00,0,0
1423817771,s3-eth3,9900.00,456980.00,466880.00,456980,9900,150.00,302.00,452.00,302,150,0.00,0.00,0,0
1423817771,s3-eth2,7326.00,345192.00,352518.00,345192,7326,111.00,228.00,339.00,228,111,0.00,0.00,0,0
1423817771,eth0,0.00,0.00,0.00,0,0,0.00,0.00,0.00,0,0,0.00,0.00,0,0
1423817771,lo,0.00,0.00,0.00,0,0,0.00,0.00,0.00,0,0,0.00,0.00,0,0
1423817771,s4-eth1,456980.00,9900.00,466880.00,9900,456980,302.00,150.00,452.00,150,302,0.00,0.00,0,0
1423817771,s4-eth2,9900.00,456980.00,466880.00,456980,9900,150.00,302.00,452.00,302,150,0.00,0.00,0,0
1423817771,total,3693356.00,3706982.00,7400338.00,3706982,3693356,3604.00,3613.00,7217.00,3613,3604,0.00,0.00,0,0
1423817772,s1-eth1,1251078.00,36704.00,1287782.00,36704,1251078,827.00,526.00,1353.00,526,827,0.00,0.00,0,0
1423817772,s1-eth3,29418.00,1017922.00,1047340.00,1017922,29418,425.00,673.00,1098.00,673,425,0.00,0.00,0,0
1423817772,s1-eth2,7286.00,184708.00,191994.00,184708,7286,101.00,122.00,223.00,122,101,0.00,0.00,0,0
1423817772,s2-eth1,1017922.00,29418.00,1047340.00,29418,1017922,673.00,425.00,1098.00,425,673,0.00,0.00,0,0
1423817772,s2-eth3,19968.00,748430.00,768398.00,748430,19968,292.00,495.00,787.00,495,292,0.00,0.00,0,0
1423817772,s2-eth2,9450.00,290688.00,300138.00,290688,9450,133.00,192.00,325.00,192,133,0.00,0.00,0,0
1423817772,s3-eth1,748430.00,19968.00,768398.00,19968,748430,495.00,292.00,787.00,292,495,0.00,0.00,0,0
1423817772,s3-eth3,10494.00,468700.00,479194.00,468700,10494,159.00,310.00,469.00,310,159,0.00,0.00,0,0
1423817772,s3-eth2,9408.00,276702.00,286110.00,276702,9408,132.00,183.00,315.00,183,132,0.00,0.00,0,0
1423817772,eth0,0.00,0.00,0.00,0,0,0.00,0.00,0.00,0,0,0.00,0.00,0,0
1423817772,lo,0.00,0.00,0.00,0,0,0.00,0.00,0.00,0,0,0.00,0.00,0,0
1423817772,s4-eth1,468700.00,10494.00,479194.00,10494,468700,310.00,159.00,469.00,159,310,0.00,0.00,0,0
1423817772,s4-eth2,10494.00,468700.00,479194.00,468700,10494,159.00,310.00,469.00,310,159,0.00,0.00,0,0
1423817772,total,3582648.00,3552434.00,7135082.00,3552434,3582648,3706.00,3687.00,7393.00,3687,3706,0.00,0.00,0,0
1423817773,s1-eth1,1249990.00,27918.00,1277908.00,27918,1249990,827.00,423.00,1250.00,423,827,0.00,0.00,0,0
1423817773,s1-eth3,24090.00,1131898.00,1155988.00,1131898,24090,365.00,749.00,1114.00,749,365,0.00,0.00,0,0
1423817773,s1-eth2,3894.00,172596.00,176490.00,172596,3894,59.00,114.00,173.00,114,59,0.00,0.00,0,0
1423817773,s2-eth1,1131898.00,24090.00,1155988.00,24090,1131898,749.00,365.00,1114.00,365,749,0.00,0.00,0,0
1423817773,s2-eth3,17556.00,803360.00,820916.00,803360,17556,266.00,532.00,798.00,532,266,0.00,0.00,0,0
1423817773,s2-eth2,6468.00,307342.00,313810.00,307342,6468,98.00,203.00,301.00,203,98,0.00,0.00,0,0
1423817773,s3-eth1,803360.00,17556.00,820916.00,17556,803360,532.00,266.00,798.00,266,532,0.00,0.00,0,0
1423817773,s3-eth3,10296.00,456654.00,466950.00,456654,10296,156.00,303.00,459.00,303,156,0.00,0.00,0,0
1423817773,s3-eth2,7326.00,343678.00,351004.00,343678,7326,111.00,227.00,338.00,227,111,0.00,0.00,0,0
1423817773,eth0,0.00,0.00,0.00,0,0,0.00,0.00,0.00,0,0,0.00,0.00,0,0
1423817773,lo,0.00,0.00,0.00,0,0,0.00,0.00,0.00,0,0,0.00,0.00,0,0
1423817773,s4-eth1,456654.00,10296.00,466950.00,10296,456654,303.00,156.00,459.00,156,303,0.00,0.00,0,0
1423817773,s4-eth2,10296.00,456654.00,466950.00,456654,10296,156.00,303.00,459.00,303,156,0.00,0.00,0,0
1423817773,total,3721828.00,3752042.00,7473870.00,3752042,3721828,3622.00,3641.00,7263.00,3641,3622,0.00,0.00,0,0
1423817774,s1-eth1,1249990.00,35074.00,1285064.00,35074,1249990,827.00,497.00,1324.00,497,827,0.00,0.00,0,0
1423817774,s1-eth3,29802.00,1057946.00,1087748.00,1057946,29802,425.00,701.00,1126.00,701,425,0.00,0.00,0,0
1423817774,s1-eth2,5206.00,125662.00,130868.00,125662,5206,71.00,83.00,154.00,83,71,0.00,0.00,0,0
1423817774,s2-eth1,1057946.00,29802.00,1087748.00,29802,1057946,701.00,425.00,1126.00,425,701,0.00,0.00,0,0
1423817774,s2-eth3,21618.00,747576.00,769194.00,747576,21618,301.00,496.00,797.00,496,301,0.00,0.00,0,0
1423817774,s2-eth2,8250.00,376986.00,385236.00,376986,8250,125.00,249.00,374.00,249,125,0.00,0.00,0,0
1423817774,s3-eth1,747576.00,21618.00,769194.00,21618,747576,496.00,301.00,797.00,301,496,0.00,0.00,0,0
1423817774,s3-eth3,14094.00,418804.00,432898.00,418804,14094,187.00,278.00,465.00,278,187,0.00,0.00,0,0
1423817774,s3-eth2,7524.00,334828.00,342352.00,334828,7524,114.00,222.00,336.00,222,114,0.00,0.00,0,0
1423817774,eth0,0.00,0.00,0.00,0,0,0.00,0.00,0.00,0,0,0.00,0.00,0,0
1423817774,lo,0.00,0.00,0.00,0,0,0.00,0.00,0.00,0,0,0.00,0.00,0,0
1423817774,s4-eth1,418804.00,14094.00,432898.00,14094,418804,278.00,187.00,465.00,187,278,0.00,0.00,0,0
1423817774,s4-eth2,14094.00,418804.00,432898.00,418804,14094,187.00,278.00,465.00,278,187,0.00,0.00,0,0
1423817774,total,3574904.00,3581194.00,7156098.00,3581194,3574904,3712.00,3717.00,7429.00,3717,3712,0.00,0.00,0,0
1423817775,s1-eth1,1250448.00,30136.00,1280584.00,30136,1250448,828.00,446.00,1274.00,446,828,0.00,0.00,0,0
1423817775,s1-eth3,26636.00,1169972.00,1196608.00,1169972,26636,394.00,774.00,1168.00,774,394,0.00,0.00,0,0
1423817775,s1-eth2,3480.00,148372.00,151852.00,148372,3480,52.00,98.00,150.00,98,52,0.00,0.00,0,0
1423817775,s2-eth1,1169972.00,26636.00,1196608.00,26636,1169972,774.00,394.00,1168.00,394,774,0.00,0.00,0,0
1423817775,s2-eth3,18728.00,767720.00,786448.00,767720,18728,276.00,508.00,784.00,508,276,0.00,0.00,0,0
1423817775,s2-eth2,7908.00,335636.00,343544.00,335636,7908,118.00,222.00,340.00,222,118,0.00,0.00,0,0
1423817775,s3-eth1,767720.00,18728.00,786448.00,18728,767720,508.00,276.00,784.00,276,508,0.00,0.00,0,0
1423817775,s3-eth3,9834.00,440574.00,450408.00,440574,9834,149.00,291.00,440.00,291,149,0.00,0.00,0,0
1423817775,s3-eth2,8808.00,321090.00,329898.00,321090,8808,126.00,213.00,339.00,213,126,0.00,0.00,0,0
1423817775,eth0,0.00,0.00,0.00,0,0,0.00,0.00,0.00,0,0,0.00,0.00,0,0
1423817775,lo,688.00,688.00,1376.00,688,688,12.00,12.00,24.00,12,12,0.00,0.00,0,0
1423817775,s4-eth1,440574.00,9834.00,450408.00,9834,440574,291.00,149.00,440.00,149,291,0.00,0.00,0,0
1423817775,s4-eth2,9834.00,440574.00,450408.00,440574,9834,149.00,291.00,440.00,291,149,0.00,0.00,0,0
1423817775,total,3714630.00,3709960.00,7424590.00,3709960,3714630,3677.00,3674.00,7351.00,3674,3677,0.00,0.00,0,0
1423817776,s1-eth1,1250102.00,38476.00,1288578.00,38476,1250102,827.00,528.00,1355.00,528,827,0.00,0.00,0,0
1423817776,s1-eth3,33044.00,1092646.00,1125690.00,1092646,33044,454.00,723.00,1177.00,723,454,0.00,0.00,0,0
1423817776,s1-eth2,5518.00,151400.00,156918.00,151400,5518,75.00,100.00,175.00,100,75,0.00,0.00,0,0
1423817776,s2-eth1,1092646.00,33044.00,1125690.00,33044,1092646,723.00,454.00,1177.00,454,723,0.00,0.00,0,0
1423817776,s2-eth3,23624.00,771678.00,795302.00,771678,23624,320.00,511.00,831.00,511,320,0.00,0.00,0,0
1423817776,s2-eth2,9420.00,320968.00,330388.00,320968,9420,134.00,212.00,346.00,212,134,0.00,0.00,0,0
1423817776,s3-eth1,771678.00,23624.00,795302.00,23624,771678,511.00,320.00,831.00,320,511,0.00,0.00,0,0
1423817776,s3-eth3,14016.00,418098.00,432114.00,418098,14016,184.00,277.00,461.00,277,184,0.00,0.00,0,0
1423817776,s3-eth2,9628.00,353580.00,363208.00,353580,9628,136.00,234.00,370.00,234,136,0.00,0.00,0,0
1423817776,eth0,0.00,0.00,0.00,0,0,0.00,0.00,0.00,0,0,0.00,0.00,0,0
1423817776,lo,0.00,0.00,0.00,0,0,0.00,0.00,0.00,0,0,0.00,0.00,0,0
1423817776,s4-eth1,418098.00,14016.00,432114.00,14016,418098,277.00,184.00,461.00,184,277,0.00,0.00,0,0
1423817776,s4-eth2,14016.00,418098.00,432114.00,418098,14016,184.00,277.00,461.00,277,184,0.00,0.00,0,0
1423817776,total,3641790.00,3635628.00,7277418.00,3635628,3641790,3825.00,3820.00,7645.00,3820,3825,0.00,0.00,0,0
1423817777,s1-eth1,1250564.00,27720.00,1278284.00,27720,1250564,826.00,420.00,1246.00,420,826,0.00,0.00,0,0
1423817777,s1-eth3,24750.00,1142486.00,1167236.00,1142486,24750,375.00,755.00,1130.00,755,375,0.00,0.00,0,0
1423817777,s1-eth2,2970.00,130204.00,133174.00,130204,2970,45.00,86.00,131.00,86,45,0.00,0.00,0,0
1423817777,s2-eth1,1142486.00,24750.00,1167236.00,24750,1142486,755.00,375.00,1130.00,375,755,0.00,0.00,0,0
1423817777,s2-eth3,17490.00,804864.00,822354.00,804864,17490,265.00,532.00,797.00,532,265,0.00,0.00,0,0
1423817777,s2-eth2,7260.00,337622.00,344882.00,337622,7260,110.00,223.00,333.00,223,110,0.00,0.00,0,0
1423817777,s3-eth1,804864.00,17490.00,822354.00,17490,804864,532.00,265.00,797.00,265,532,0.00,0.00,0,0
1423817777,s3-eth3,9108.00,416350.00,425458.00,416350,9108,138.00,275.00,413.00,275,138,0.00,0.00,0,0
1423817777,s3-eth2,8382.00,388514.00,396896.00,388514,8382,127.00,257.00,384.00,257,127,0.00,0.00,0,0
1423817777,eth0,0.00,0.00,0.00,0,0,0.00,0.00,0.00,0,0,0.00,0.00,0,0
1423817777,lo,0.00,0.00,0.00,0,0,0.00,0.00,0.00,0,0,0.00,0.00,0,0
1423817777,s4-eth1,416350.00,9108.00,425458.00,9108,416350,275.00,138.00,413.00,138,275,0.00,0.00,0,0
1423817777,s4-eth2,9108.00,416350.00,425458.00,416350,9108,138.00,275.00,413.00,275,138,0.00,0.00,0,0
1423817777,total,3693332.00,3715458.00,7408790.00,3715458,3693332,3586.00,3601.00,7187.00,3601,3586,0.00,0.00,0,0
1423817778,s1-eth1,1251494.00,27654.00,1279148.00,27654,1251494,827.00,419.00,1246.00,419,827,0.00,0.00,0,0
1423817778,s1-eth3,24816.00,1124902.00,1149718.00,1124902,24816,376.00,743.00,1119.00,743,376,0.00,0.00,0,0
1423817778,s1-eth2,2772.00,124148.00,126920.00,124148,2772,42.00,82.00,124.00,82,42,0.00,0.00,0,0
1423817778,s2-eth1,1124902.00,24816.00,1149718.00,24816,1124902,743.00,376.00,1119.00,376,743,0.00,0.00,0,0
1423817778,s2-eth3,17028.00,767598.00,784626.00,767598,17028,258.00,507.00,765.00,507,258,0.00,0.00,0,0
1423817778,s2-eth2,7788.00,357304.00,365092.00,357304,7788,118.00,236.00,354.00,236,118,0.00,0.00,0,0
1423817778,s3-eth1,767598.00,17028.00,784626.00,17028,767598,507.00,258.00,765.00,258,507,0.00,0.00,0,0
1423817778,s3-eth3,9702.00,443602.00,453304.00,443602,9702,147.00,293.00,440.00,293,147,0.00,0.00,0,0
1423817778,s3-eth2,7326.00,323996.00,331322.00,323996,7326,111.00,214.00,325.00,214,111,0.00,0.00,0,0
1423817778,eth0,0.00,0.00,0.00,0,0,0.00,0.00,0.00,0,0,0.00,0.00,0,0
1423817778,lo,0.00,0.00,0.00,0,0,0.00,0.00,0.00,0,0,0.00,0.00,0,0
1423817778,s4-eth1,443602.00,9702.00,453304.00,9702,443602,293.00,147.00,440.00,147,293,0.00,0.00,0,0
1423817778,s4-eth2,9702.00,443602.00,453304.00,443602,9702,147.00,293.00,440.00,293,147,0.00,0.00,0,0
1423817778,total,3666730.00,3664352.00,7331082.00,3664352,3666730,3569.00,3568.00,7137.00,3568,3569,0.00,0.00,0,0
1423817779,s1-eth1,1250270.00,27786.00,1278056.00,27786,1250270,827.00,421.00,1248.00,421,827,0.00,0.00,0,0
1423817779,s1-eth3,24882.00,1133692.00,1158574.00,1133692,24882,377.00,750.00,1127.00,750,377,0.00,0.00,0,0
1423817779,s1-eth2,2904.00,127176.00,130080.00,127176,2904,44.00,84.00,128.00,84,44,0.00,0.00,0,0
1423817779,s2-eth1,1133692.00,24882.00,1158574.00,24882,1133692,750.00,377.00,1127.00,377,750,0.00,0.00,0,0
1423817779,s2-eth3,17094.00,779070.00,796164.00,779070,17094,259.00,515.00,774.00,515,259,0.00,0.00,0,0
1423817779,s2-eth2,7788.00,354622.00,362410.00,354622,7788,118.00,235.00,353.00,235,118,0.00,0.00,0,0
1423817779,s3-eth1,779070.00,17094.00,796164.00,17094,779070,515.00,259.00,774.00,259,515,0.00,0.00,0,0
1423817779,s3-eth3,10032.00,458742.00,468774.00,458742,10032,152.00,303.00,455.00,303,152,0.00,0.00,0,0
1423817779,s3-eth2,7128.00,320328.00,327456.00,320328,7128,108.00,212.00,320.00,212,108,0.00,0.00,0,0
1423817779,eth0,0.00,0.00,0.00,0,0,0.00,0.00,0.00,0,0,0.00,0.00,0,0
1423817779,lo,0.00,0.00,0.00,0,0,0.00,0.00,0.00,0,0,0.00,0.00,0,0
1423817779,s4-eth1,458742.00,10032.00,468774.00,10032,458742,303.00,152.00,455.00,152,303,0.00,0.00,0,0
1423817779,s4-eth2,10032.00,458742.00,468774.00,458742,10032,152.00,303.00,455.00,303,152,0.00,0.00,0,0
1423817779,total,3701634.00,3712166.00,7413800.00,3712166,3701634,3605.00,3611.00,7216.00,3611,3605,0.00,0.00,0,0
1423817780,s1-eth1,1249294.00,27786.00,1277080.00,27786,1249294,827.00,421.00,1248.00,421,827,0.00,0.00,0,0
1423817780,s1-eth3,24684.00,1108614.00,1133298.00,1108614,24684,374.00,735.00,1109.00,735,374,0.00,0.00,0,0
1423817780,s1-eth2,3168.00,145344.00,148512.00,145344,3168,48.00,96.00,144.00,96,48,0.00,0.00,0,0
1423817780,s2-eth1,1108614.00,24684.00,1133298.00,24684,1108614,735.00,374.00,1109.00,374,735,0.00,0.00,0,0
1423817780,s2-eth3,17358.00,789038.00,806396.00,789038,17358,263.00,523.00,786.00,523,263,0.00,0.00,0,0
1423817780,s2-eth2,7260.00,319576.00,326836.00,319576,7260,110.00,212.00,322.00,212,110,0.00,0.00,0,0
1423817780,s3-eth1,789038.00,17358.00,806396.00,17358,789038,523.00,263.00,786.00,263,523,0.00,0.00,0,0
1423817780,s3-eth3,9504.00,433004.00,442508.00,433004,9504,144.00,286.00,430.00,286,144,0.00,0.00,0,0
1423817780,s3-eth2,7854.00,356034.00,363888.00,356034,7854,119.00,237.00,356.00,237,119,0.00,0.00,0,0
1423817780,eth0,0.00,0.00,0.00,0,0,0.00,0.00,0.00,0,0,0.00,0.00,0,0
1423817780,lo,688.00,688.00,1376.00,688,688,12.00,12.00,24.00,12,12,0.00,0.00,0,0
1423817780,s4-eth1,433004.00,9504.00,442508.00,9504,433004,286.00,144.00,430.00,144,286,0.00,0.00,0,0
1423817780,s4-eth2,9504.00,433004.00,442508.00,433004,9504,144.00,286.00,430.00,286,144,0.00,0.00,0,0
1423817780,total,3659970.00,3664634.00,7324604.00,3664634,3659970,3585.00,3589.00,7174.00,3589,3585,0.00,0.00,0,0
1423817781,s1-eth1,1251322.00,42586.00,1293908.00,42586,1251322,829.00,583.00,1412.00,583,829,0.00,0.00,0,0
1423817781,s1-eth3,35734.00,983222.00,1018956.00,983222,35734,485.00,651.00,1136.00,651,485,0.00,0.00,0,0
1423817781,s1-eth2,6786.00,211960.00,218746.00,211960,6786,97.00,140.00,237.00,140,97,0.00,0.00,0,0
1423817781,s2-eth1,983222.00,35734.00,1018956.00,35734,983222,651.00,485.00,1136.00,485,651,0.00,0.00,0,0
1423817781,s2-eth3,25324.00,648506.00,673830.00,648506,25324,338.00,429.00,767.00,429,338,0.00,0.00,0,0
1423817781,s2-eth2,10476.00,337744.00,348220.00,337744,10476,148.00,224.00,372.00,224,148,0.00,0.00,0,0
1423817781,s3-eth1,648506.00,25324.00,673830.00,25324,648506,429.00,338.00,767.00,338,429,0.00,0.00,0,0
1423817781,s3-eth3,12558.00,380528.00,393086.00,380528,12558,177.00,252.00,429.00,252,177,0.00,0.00,0,0
1423817781,s3-eth2,12766.00,267978.00,280744.00,267978,12766,161.00,177.00,338.00,177,161,0.00,0.00,0,0
1423817781,eth0,0.00,0.00,0.00,0,0,0.00,0.00,0.00,0,0,0.00,0.00,0,0
1423817781,lo,0.00,0.00,0.00,0,0,0.00,0.00,0.00,0,0,0.00,0.00,0,0
1423817781,s4-eth1,380528.00,12558.00,393086.00,12558,380528,252.00,177.00,429.00,177,252,0.00,0.00,0,0
1423817781,s4-eth2,12558.00,380528.00,393086.00,380528,12558,177.00,252.00,429.00,252,177,0.00,0.00,0,0
1423817781,total,3379780.00,3326668.00,6706448.00,3326668,3379780,3744.00,3708.00,7452.00,3708,3744,0.00,0.00,0,0
1423817782,s1-eth1,1250564.00,27786.00,1278350.00,27786,1250564,826.00,421.00,1247.00,421,826,0.00,0.00,0,0
1423817782,s1-eth3,23364.00,1088566.00,1111930.00,1088566,23364,354.00,719.00,1073.00,719,354,0.00,0.00,0,0
1423817782,s1-eth2,4488.00,207418.00,211906.00,207418,4488,68.00,137.00,205.00,137,68,0.00,0.00,0,0
1423817782,s2-eth1,1088566.00,23364.00,1111930.00,23364,1088566,719.00,354.00,1073.00,354,719,0.00,0.00,0,0
1423817782,s2-eth3,15180.00,700982.00,716162.00,700982,15180,230.00,463.00,693.00,463,230,0.00,0.00,0,0
1423817782,s2-eth2,8118.00,384556.00,392674.00,384556,8118,123.00,254.00,377.00,254,123,0.00,0.00,0,0
1423817782,s3-eth1,700982.00,15180.00,716162.00,15180,700982,463.00,230.00,693.00,230,463,0.00,0.00,0,0
1423817782,s3-eth3,9570.00,452686.00,462256.00,452686,9570,145.00,299.00,444.00,299,145,0.00,0.00,0,0
1423817782,s3-eth2,5610.00,248296.00,253906.00,248296,56